<s>
79,35
84,37
87,42
90,46
</s>
<s>
53,62
59,62
65,61
70,61
75,60
82,60
89,59
96,59
101,59
106,59
112,59
118,59
123,59
129,59
134,59
139,59
144,59
149,59
</s>
<s>
75,96
80,96
86,96
92,96
98,96
104,96
109,95
114,95
119,95
125,95
131,95
</s>
<s>
100,61
100,66
100,71
101,76
101,81
102,86
103,91
103,96
104,101
104,106
104,111
104,116
104,121
104,126
</s>
<s>
38,138
44,138
50,138
55,138
62,138
68,138
74,138
79,138
85,138
90,138
95,138
102,138
113,136
119,135
126,135
132,135
137,135
142,135
148,135
154,135
159,135
164,135
</s>