<s>
36,108
41,108
48,108
54,108
59,107
64,106
68,103
</s>
<s>
53,70
54,77
55,82
55,94
55,99
55,104
55,109
55,123
55,128
55,134
55,141
55,147
55,153
56,158
56,163
52,159
46,152
45,147
</s>
<s>
28,147
34,144
40,142
48,139
54,137
60,135
64,131
</s>
<s>
71,98
77,96
86,94
95,92
103,92
109,92
114,92
119,92
120,97
119,102
118,108
116,113
113,117
</s>
<s>
95,93
94,98
93,104
93,109
</s>
<s>
82,118
88,118
93,118
98,118
103,118
</s>
<s>
79,110
79,115
79,121
79,126
79,132
79,138
81,143
84,147
89,149
98,152
103,153
112,155
129,157
135,158
140,159
145,159
147,154
147,148
147,138
</s>