<s>
64,28
66,33
67,38
67,43
67,48
65,53
62,58
59,62
</s>
<s>
69,31
74,30
80,29
85,29
90,28
95,28
96,33
96,38
96,43
96,48
96,53
98,58
103,61
108,64
114,65
120,65
130,65
137,65
142,65
</s>
<s>
54,86
61,86
69,86
83,88
99,90
113,92
123,92
130,92
</s>
<s>
80,67
80,72
80,77
80,82
80,87
80,93
80,100
80,106
80,113
80,119
80,124
80,129
80,134
</s>
<s>
79,94
73,97
68,101
62,105
57,108
52,111
48,114
43,116
</s>
<s>
82,92
86,97
89,101
93,105
100,110
104,114
109,116
114,118
119,119
124,120
129,122
134,123
140,125
</s>