<s>
62,35
63,40
64,45
64,50
64,55
63,60
60,65
57,69
54,74
51,78
47,81
</s>
<s>
62,35
67,34
73,34
80,34
85,34
86,39
86,44
85,50
84,56
84,61
88,65
93,69
98,70
108,73
115,73
121,73
126,73
</s>
<s>
43,92
50,92
57,93
65,95
79,95
89,95
99,95
109,95
123,95
129,95
134,95
</s>
<s>
80,75
80,81
81,87
82,93
83,99
83,104
84,111
84,117
84,122
84,127
84,132
</s>
<s>
81,97
78,103
74,106
69,111
64,115
60,119
55,123
49,127
44,129
39,130
</s>
<s>
85,100
90,101
95,105
100,109
108,115
113,118
119,120
124,122
129,123
135,124
140,124
145,124
</s>