<s>
73,23
73,29
73,34
73,40
75,46
75,51
75,57
</s>
<s>
69,20
74,20
80,20
87,20
93,20
99,20
104,20
105,25
105,30
105,37
105,42
105,47
105,53
105,58
</s>
<s>
79,37
84,37
89,37
</s>
<s>
80,47
85,46
91,46
97,46
</s>
<s>
74,59
79,59
85,59
90,59
97,59
</s>
<s>
56,65
55,71
53,76
58,77
64,76
69,76
74,75
79,74
82,79
82,84
84,92
85,98
86,105
87,110
87,115
</s>
<s>
52,90
57,90
62,90
67,90
72,90
</s>
<s>
70,92
70,98
70,103
68,108
66,113
63,120
59,123
</s>
<s>
106,67
107,72
107,78
106,83
106,89
104,95
102,101
99,105
96,109
91,111
</s>
<s>
120,65
121,70
121,75
</s>
<s>
108,80
114,80
120,80
128,80
134,80
</s>
<s>
109,87
114,87
119,87
125,87
131,87
134,92
134,99
134,104
134,110
134,115
134,120
134,126
134,131
</s>