<s>
72,29
73,34
75,40
76,46
76,51
76,56
76,62
76,67
</s>
<s>
73,26
79,25
84,24
90,24
95,23
100,23
106,23
106,28
106,33
106,39
106,44
106,50
106,56
106,61
106,66
106,71
</s>
<s>
76,45
82,45
87,45
92,45
</s>
<s>
80,53
85,54
90,54
95,54
</s>
<s>
76,71
82,71
89,71
94,71
</s>
<s>
49,74
49,80
49,85
49,90
56,90
62,90
68,90
74,90
79,90
79,96
79,101
79,107
79,113
79,119
79,124
</s>
<s>
51,99
57,98
62,98
68,98
</s>
<s>
66,98
66,104
66,109
65,115
63,120
59,124
</s>
<s>
95,81
97,86
97,91
97,96
97,102
97,109
94,115
</s>
<s>
110,73
111,78
111,83
</s>
<s>
100,90
105,90
110,90
117,90
124,90
136,92
141,92
</s>
<s>
100,96
105,95
112,95
119,95
124,95
129,96
128,102
128,107
128,112
128,117
128,122
</s>