<s>
62,21
63,27
63,33
63,39
63,44
63,51
62,57
62,62
62,67
</s>
<s>
66,22
71,21
76,21
81,21
86,20
91,21
91,27
91,32
91,38
91,43
91,48
92,53
92,58
93,63
</s>
<s>
66,34
71,36
76,36
</s>
<s>
70,44
75,44
80,45
85,46
</s>
<s>
64,66
70,66
75,66
80,66
85,66
</s>
<s>
37,76
37,81
36,86
42,86
47,86
53,86
58,86
63,86
64,91
64,96
62,108
62,116
62,123
62,130
62,135
</s>
<s>
41,100
47,100
52,100
57,100
</s>
<s>
45,101
47,106
47,111
47,116
46,123
44,128
41,133
37,137
</s>
<s>
87,79
87,85
87,91
87,96
87,102
86,107
85,112
84,118
82,123
</s>
<s>
106,72
106,77
106,82
</s>
<s>
90,88
95,88
100,88
105,88
110,87
115,86
</s>
<s>
90,98
95,98
100,97
107,97
114,97
119,96
121,101
119,107
118,113
117,118
117,123
117,128
117,133
</s>