<s>
73,44
73,50
73,55
73,60
73,65
73,70
73,75
73,80
73,85
73,90
73,95
73,100
73,105
73,111
</s>
<s>
75,44
82,44
88,44
99,44
104,44
109,44
114,44
119,44
124,44
129,44
133,47
133,52
133,57
131,63
130,68
129,73
128,78
128,84
127,89
127,94
127,99
127,105
127,110
</s>
<s>
76,66
86,69
94,71
100,71
106,73
114,75
119,75
124,76
</s>
<s>
81,93
86,94
92,96
101,98
109,98
115,100
123,100
132,102
137,102
</s>
<s>
82,115
90,116
99,118
107,118
115,120
120,120
126,122
</s>
<s>
40,98
40,103
40,108
40,114
40,119
40,124
45,126
50,127
55,127
61,129
66,129
71,129
77,131
82,132
87,132
91,135
90,141
90,146
88,155
88,160
87,165
87,170
87,175
</s>
<s>
26,144
31,145
36,146
42,147
48,147
53,147
58,147
64,147
69,147
74,147
79,147
</s>
<s>
57,153
54,157
50,160
47,164
42,167
37,169
32,171
27,173
</s>
<s>
160,95
160,101
160,107
159,112
157,117
156,123
154,128
153,133
</s>
<s>
117,135
123,135
128,135
133,135
138,135
143,135
148,135
153,135
158,135
163,135
</s>
<s>
117,135
116,140
115,145
115,150
114,155
113,160
113,165
112,170
112,175
</s>
<s>
116,149
121,149
126,149
131,150
136,150
141,150
146,150
151,150
156,150
161,151
162,157
162,162
161,167
160,172
159,177
158,182
</s>