<s>
62,24
64,31
65,37
66,42
66,48
66,53
67,58
68,63
69,68
</s>
<s>
66,24
71,24
76,23
81,23
86,22
91,22
92,28
92,33
93,39
93,46
93,52
93,58
93,63
93,68
</s>
<s>
72,44
77,44
82,44
</s>
<s>
74,53
79,54
</s>
<s>
69,70
74,70
79,70
84,70
89,71
</s>
<s>
47,75
49,81
49,86
49,91
54,92
59,91
64,91
69,90
75,90
80,90
81,95
81,102
82,107
82,113
82,120
83,126
83,132
84,137
</s>
<s>
55,111
60,111
65,110
70,110
</s>
<s>
65,111
69,115
69,120
69,125
67,132
63,138
59,141
</s>
<s>
99,75
104,79
104,84
104,91
104,96
102,102
101,108
97,114
93,122
91,128
87,134
85,139
</s>
<s>
118,73
119,79
120,85
</s>
<s>
106,93
111,93
116,92
123,91
134,88
139,88
</s>
<s>
104,101
109,101
114,101
119,100
124,100
129,99
130,106
131,112
132,118
132,123
133,129
133,134
133,139
</s>