<s>
68,34
69,39
69,46
70,51
70,57
71,63
71,70
71,75
</s>
<s>
71,29
76,29
82,29
88,29
93,29
97,32
98,38
98,43
99,48
99,53
100,59
101,64
101,69
102,74
</s>
<s>
78,50
84,50
89,50
</s>
<s>
76,62
81,62
87,62
</s>
<s>
73,79
79,79
86,79
93,80
99,82
104,83
</s>
<s>
56,80
56,85
55,90
53,95
56,99
62,99
70,99
78,99
82,102
82,108
82,113
82,119
81,125
80,131
79,136
79,141
</s>
<s>
49,108
56,108
63,108
69,108
74,108
</s>
<s>
65,110
65,115
64,120
62,126
58,131
53,133
</s>
<s>
94,91
98,95
98,100
98,106
98,112
98,118
97,124
95,129
93,134
89,137
</s>
<s>
110,82
112,87
113,93
</s>
<s>
102,102
109,101
120,99
127,99
132,99
</s>
<s>
102,112
108,112
113,112
118,112
122,116
122,122
122,129
122,136
122,142
122,148
</s>