<s>
60,27
60,33
60,40
61,47
62,53
63,58
64,63
</s>
<s>
62,25
67,25
72,25
78,24
83,24
88,24
93,26
93,31
93,37
93,42
93,49
95,63
97,71
97,77
</s>
<s>
63,45
69,45
76,45
82,45
</s>
<s>
68,56
74,55
80,55
85,55
</s>
<s>
67,71
72,71
78,71
83,71
88,71
93,71
</s>
<s>
56,79
55,85
53,91
58,93
63,92
74,89
80,89
80,95
80,102
80,110
80,117
80,125
80,131
</s>
<s>
47,103
52,103
57,103
63,103
68,103
73,103
</s>
<s>
64,104
64,109
64,114
63,119
61,124
60,129
57,134
52,137
</s>
<s>
98,83
100,89
100,95
100,100
100,106
100,113
100,118
100,124
97,130
94,134
</s>
<s>
119,73
119,79
119,85
119,90
</s>
<s>
99,91
106,91
112,91
117,90
123,90
128,90
133,89
</s>
<s>
102,101
107,101
113,100
118,100
123,100
128,100
130,106
128,118
128,128
128,138
128,150
128,160
128,172
128,184
128,194
128,208
128,213
</s>