<s>
78,23
79,29
80,34
80,40
80,45
80,50
80,55
80,60
80,65
</s>
<s>
76,22
82,22
87,22
92,22
98,21
103,21
107,24
107,29
107,35
107,40
107,46
107,52
108,59
109,64
</s>
<s>
83,38
88,38
94,38
</s>
<s>
88,47
93,48
</s>
<s>
82,64
87,64
93,64
99,64
104,64
</s>
<s>
59,67
63,72
63,77
63,82
69,83
74,82
79,81
84,81
85,87
86,93
86,98
87,103
87,109
87,114
87,119
</s>
<s>
53,93
59,93
65,93
70,93
75,92
</s>
<s>
73,94
73,99
71,105
69,110
66,114
63,118
58,120
</s>
<s>
105,70
105,76
105,81
105,87
105,94
105,100
101,106
100,111
98,116
</s>
<s>
118,68
119,73
119,78
</s>
<s>
108,81
113,81
119,81
125,81
131,81
</s>
<s>
107,89
112,89
118,89
124,89
129,89
129,96
129,101
129,107
130,113
131,118
131,123
</s>