<s>
63,29
65,34
66,40
66,45
66,50
68,56
68,62
69,67
69,72
</s>
<s>
64,27
70,27
76,27
84,27
91,27
98,27
103,27
104,32
104,38
104,43
104,49
104,55
106,60
107,66
108,71
</s>
<s>
70,46
75,46
81,46
86,45
91,45
</s>
<s>
73,55
79,55
85,55
92,55
98,55
</s>
<s>
70,73
76,73
82,73
88,74
95,75
102,75
107,76
</s>
<s>
44,81
44,86
51,88
58,88
72,88
82,88
90,88
96,88
98,94
98,100
98,106
98,112
98,119
98,125
</s>
<s>
61,104
66,103
72,102
79,102
84,102
89,102
</s>
<s>
82,104
81,109
79,116
75,122
71,126
67,129
61,132
</s>
<s>
116,78
118,83
119,89
119,95
119,100
119,105
119,110
117,116
114,121
110,125
</s>
<s>
130,76
132,81
132,86
</s>
<s>
122,91
130,91
138,91
144,90
149,90
</s>
<s>
123,101
128,99
135,99
140,99
145,99
146,106
146,113
148,121
150,132
151,137
</s>