<s>
67,34
68,40
68,46
68,53
68,60
68,65
68,70
</s>
<s>
69,31
74,31
80,30
86,29
91,29
94,34
94,39
94,46
95,52
95,58
96,63
96,68
</s>
<s>
74,48
80,48
85,48
90,48
</s>
<s>
75,57
80,57
85,57
</s>
<s>
73,69
78,69
83,69
88,69
</s>
<s>
40,75
40,81
40,86
43,90
50,90
58,88
66,88
73,88
78,88
80,94
79,99
79,104
78,111
78,117
78,124
78,130
78,135
77,140
</s>
<s>
37,103
43,103
48,103
55,102
61,101
</s>
<s>
55,102
55,107
55,113
55,120
52,127
49,131
</s>
<s>
99,75
102,81
102,86
102,92
102,98
102,103
102,108
101,114
100,120
97,127
94,131
91,135
</s>
<s>
118,69
118,74
118,80
</s>
<s>
108,88
113,88
119,88
126,88
131,87
137,86
</s>
<s>
103,99
109,99
115,99
120,99
125,99
128,104
129,110
129,118
129,125
129,132
129,138
</s>