<s>
61,28
62,33
62,38
62,43
62,48
62,54
62,60
63,65
63,70
</s>
<s>
62,25
67,25
74,24
79,24
85,24
89,27
89,33
89,39
89,45
89,50
89,56
89,62
89,67
89,72
</s>
<s>
63,46
68,46
73,46
</s>
<s>
68,55
73,55
78,55
</s>
<s>
63,70
68,70
73,70
78,70
83,70
88,70
</s>
<s>
40,72
40,77
40,83
43,87
48,87
54,87
61,87
66,88
71,88
71,94
71,100
71,107
71,115
71,122
71,127
72,133
</s>
<s>
36,100
41,100
48,100
53,100
58,100
</s>
<s>
52,101
52,107
52,112
52,118
50,124
47,128
</s>
<s>
91,79
91,85
91,90
91,97
89,103
87,108
84,114
80,118
76,121
</s>
<s>
102,73
104,78
105,83
105,88
</s>
<s>
92,93
98,93
103,93
111,93
121,93
127,93
</s>
<s>
93,101
99,101
104,101
111,101
115,105
115,110
115,116
115,123
115,129
</s>