<s>
69,34
70,40
71,45
72,50
72,55
72,60
72,65
72,71
72,76
</s>
<s>
69,31
74,31
80,30
85,30
90,29
94,33
95,38
96,43
96,48
96,54
96,59
96,64
96,69
96,74
96,79
</s>
<s>
73,50
78,50
84,50
89,50
</s>
<s>
77,58
82,59
</s>
<s>
77,77
82,77
87,77
92,77
</s>
<s>
57,81
57,86
57,91
62,92
67,92
72,91
77,91
82,91
82,97
82,104
82,110
82,115
</s>
<s>
50,101
56,101
61,101
67,101
</s>
<s>
59,103
59,109
58,114
57,120
54,125
50,129
</s>
<s>
96,85
98,90
98,95
98,101
97,106
95,111
92,115
</s>
<s>
110,82
110,87
110,92
</s>
<s>
100,95
106,95
111,95
117,95
</s>
<s>
99,102
104,102
110,102
116,102
118,108
118,115
118,120
118,126
118,132
118,137
</s>