<s>
69,25
70,32
70,38
70,44
70,50
70,56
70,62
71,68
72,74
72,79
</s>
<s>
71,23
78,23
84,23
90,23
95,23
100,23
103,28
103,34
103,41
104,47
105,53
107,64
107,70
107,75
107,80
</s>
<s>
70,47
76,47
81,47
87,47
92,47
97,47
</s>
<s>
74,55
79,55
84,55
90,56
95,56
</s>
<s>
77,82
84,82
91,82
98,83
106,87
111,88
</s>
<s>
50,81
48,87
46,93
50,97
56,96
63,96
68,95
71,101
72,108
72,115
72,129
72,135
72,140
</s>
<s>
40,109
47,109
52,109
59,109
64,110
</s>
<s>
58,112
57,117
56,122
54,127
52,132
47,140
43,145
</s>
<s>
95,91
97,96
97,101
97,106
97,112
95,118
93,123
91,129
89,134
</s>
<s>
124,85
123,90
123,95
</s>
<s>
101,103
106,101
113,100
118,100
123,99
128,98
133,98
139,98
145,99
</s>
<s>
96,111
102,111
108,111
115,111
121,111
124,118
122,134
122,148
122,162
120,172
118,180
117,187
117,192
</s>