<s>
79,30
80,35
80,40
80,46
80,51
80,56
80,61
80,66
81,71
</s>
<s>
79,28
84,28
89,28
94,28
99,28
103,31
103,36
103,41
104,47
104,53
104,59
104,64
105,69
</s>
<s>
83,46
88,46
93,46
98,47
</s>
<s>
88,56
93,56
</s>
<s>
85,75
91,74
96,74
101,74
</s>
<s>
57,79
59,84
59,89
65,89
70,89
76,89
83,90
88,90
90,95
90,100
90,105
90,111
90,117
90,122
90,127
</s>
<s>
61,102
66,102
72,102
77,102
</s>
<s>
75,104
75,109
75,114
75,119
73,124
68,126
</s>
<s>
105,81
109,84
110,89
110,95
110,100
109,106
107,112
106,117
105,122
</s>
<s>
127,75
127,80
127,85
</s>
<s>
110,90
115,90
121,90
128,90
134,90
139,90
</s>
<s>
111,98
117,98
123,98
128,99
132,102
134,107
134,112
135,117
135,122
136,127
</s>