<s>
75,35
75,41
76,47
76,52
76,57
76,62
76,67
76,72
</s>
<s>
75,35
80,35
85,35
90,33
95,33
97,40
97,45
97,52
97,58
98,63
98,69
99,74
</s>
<s>
77,52
82,52
87,53
</s>
<s>
77,61
82,61
</s>
<s>
74,75
80,75
85,75
</s>
<s>
52,79
54,84
54,89
54,94
60,96
65,95
71,95
76,95
81,94
86,94
90,98
90,105
91,112
92,118
93,123
94,128
95,133
</s>
<s>
57,106
63,106
69,106
74,105
79,105
</s>
<s>
77,106
77,111
77,116
76,121
74,126
71,131
</s>
<s>
107,77
109,82
109,89
109,94
109,99
109,106
108,111
106,117
103,121
100,126
</s>
<s>
124,77
126,83
126,88
</s>
<s>
115,90
121,90
126,90
131,90
</s>
<s>
110,101
115,100
121,100
128,100
134,100
135,105
135,112
135,120
135,127
135,133
</s>