<s>
65,29
65,36
65,41
66,47
67,53
67,59
67,64
68,69
68,74
69,79
70,85
70,90
</s>
<s>
68,26
74,26
79,26
84,26
90,26
95,26
100,26
105,26
110,26
115,26
120,26
126,26
131,26
133,31
132,36
130,41
129,46
129,51
128,57
128,62
127,67
126,72
126,77
125,83
</s>
<s>
71,44
76,45
85,47
90,47
98,49
103,49
108,49
113,50
</s>
<s>
74,66
80,66
85,66
91,66
96,66
102,68
108,68
114,69
</s>
<s>
72,92
78,92
84,92
89,92
94,92
100,93
105,93
110,94
</s>
<s>
48,86
48,91
48,98
47,103
47,108
46,113
51,114
56,114
62,116
70,116
78,118
89,118
94,119
98,123
98,128
98,133
98,139
96,145
94,151
92,157
90,163
89,169
87,174
</s>
<s>
31,135
37,135
42,135
48,135
54,135
60,135
66,135
72,135
</s>
<s>
55,140
55,146
55,151
54,156
52,161
49,165
45,168
41,172
37,175
32,177
</s>
<s>
153,76
153,82
153,89
153,95
152,101
151,106
150,111
</s>
<s>
123,115
130,115
141,115
149,115
157,115
167,117
177,117
185,119
193,121
203,121
</s>
<s>
126,119
125,125
125,131
123,139
122,145
122,150
121,155
121,160
121,165
121,170
</s>
<s>
128,140
135,140
143,140
154,140
165,140
171,140
174,146
174,152
174,158
172,166
172,172
171,177
</s>