<s>
78,38
79,43
79,48
78,53
78,58
78,63
78,68
78,74
78,79
78,84
78,89
78,94
78,99
</s>
<s>
80,35
86,35
91,35
96,35
101,35
106,35
111,35
116,35
122,35
127,34
132,34
137,34
138,40
138,46
138,51
138,56
137,62
137,67
137,72
137,77
137,83
137,88
137,93
136,98
136,104
</s>
<s>
80,51
85,51
91,51
96,52
102,52
107,53
112,53
118,54
123,54
128,54
</s>
<s>
88,76
93,77
99,77
105,77
110,77
115,77
120,77
</s>
<s>
60,104
67,104
72,104
77,104
82,104
88,104
93,105
100,106
107,107
112,107
118,108
123,109
128,109
</s>
<s>
47,94
47,101
47,106
47,111
47,117
47,122
47,128
52,130
58,130
64,130
70,130
76,130
81,130
86,130
88,136
88,141
88,147
88,158
87,163
86,169
86,174
85,179
</s>
<s>
29,146
34,146
39,146
45,146
51,146
57,146
62,146
67,146
72,146
77,146
</s>
<s>
62,151
62,156
61,161
58,166
55,170
51,173
47,176
42,177
37,179
</s>
<s>
156,101
156,108
156,114
156,120
154,125
154,130
</s>
<s>
118,132
123,132
130,132
135,132
141,132
147,132
152,132
157,132
162,132
</s>
<s>
120,130
121,135
121,140
121,146
121,152
121,157
121,162
121,167
121,172
121,177
</s>
<s>
123,148
129,148
134,148
140,148
146,148
151,148
156,148
157,154
157,161
158,166
159,172
159,177
160,182
</s>