<s>
74,33
74,38
75,43
76,48
76,53
76,59
76,65
76,70
76,75
</s>
<s>
75,32
80,32
86,31
91,31
96,31
97,36
97,42
97,48
98,53
98,58
99,64
100,69
</s>
<s>
78,48
84,48
89,48
</s>
<s>
81,62
86,62
91,62
96,62
</s>
<s>
80,73
86,73
91,73
96,73
101,73
</s>
<s>
52,78
53,84
54,90
54,95
59,96
64,96
70,95
75,95
80,95
81,100
81,105
81,110
81,116
81,123
81,129
81,134
</s>
<s>
51,107
56,107
62,107
68,107
</s>
<s>
63,107
63,112
63,117
62,123
60,128
57,132
</s>
<s>
102,83
104,89
104,95
104,100
103,105
103,110
99,116
97,122
94,126
90,129
</s>
<s>
116,81
116,86
116,91
</s>
<s>
108,97
115,97
121,96
127,96
</s>
<s>
107,108
114,108
119,108
125,108
130,109
132,114
132,119
132,126
132,133
132,139
</s>