<s>
68,27
72,32
74,38
74,44
75,49
76,55
76,60
77,65
77,70
</s>
<s>
74,21
80,21
86,21
92,21
97,21
102,21
104,28
104,33
104,39
104,45
104,51
105,56
105,61
105,66
105,71
</s>
<s>
76,39
81,39
86,39
91,39
97,40
</s>
<s>
73,56
79,56
85,56
90,56
</s>
<s>
85,70
90,71
95,71
100,72
</s>
<s>
58,72
58,77
58,83
57,89
57,94
61,97
73,95
87,93
95,93
102,93
106,96
106,101
106,107
106,114
106,122
106,129
106,135
106,140
</s>
<s>
67,116
72,115
78,115
83,115
89,115
94,115
</s>
<s>
84,116
84,122
83,127
81,132
78,137
74,141
69,144
</s>
<s>
121,69
122,74
123,79
123,85
123,92
121,103
119,109
117,117
115,125
113,130
112,135
110,141
107,146
</s>
<s>
140,64
140,70
140,77
140,82
</s>
<s>
125,84
130,84
135,84
142,84
147,84
</s>
<s>
126,95
131,95
136,95
142,95
147,98
148,103
148,110
150,118
150,126
150,136
152,144
152,151
153,156
</s>