<s>
71,24
74,28
75,34
76,40
77,46
77,51
77,57
77,62
</s>
<s>
73,20
78,20
84,20
90,19
95,18
100,18
101,24
101,30
101,36
101,43
101,49
103,57
103,62
103,67
</s>
<s>
78,38
84,38
89,38
</s>
<s>
83,50
88,51
</s>
<s>
79,65
84,65
90,65
</s>
<s>
53,64
56,68
56,73
56,78
61,81
67,81
74,81
81,81
87,81
90,85
90,91
89,98
89,103
89,109
89,114
89,119
</s>
<s>
52,92
57,92
62,92
67,92
74,92
79,92
</s>
<s>
72,96
72,101
72,106
71,111
68,117
65,122
</s>
<s>
111,65
111,70
111,76
111,81
110,86
108,93
105,99
102,104
98,108
93,111
</s>
<s>
120,67
123,71
123,77
123,82
</s>
<s>
111,86
116,85
123,85
131,85
139,85
145,85
</s>
<s>
112,93
118,93
125,92
130,92
131,97
131,102
131,110
131,117
131,124
131,130
</s>