<s>
67,28
70,33
70,40
70,47
70,54
72,61
72,67
72,72
72,77
</s>
<s>
69,27
74,27
79,27
85,27
90,27
94,30
94,37
95,42
96,47
96,52
96,59
96,64
96,70
97,75
</s>
<s>
73,45
78,45
84,45
</s>
<s>
69,60
75,60
81,60
87,60
</s>
<s>
76,78
83,78
89,78
95,78
</s>
<s>
48,79
49,85
49,91
49,96
55,96
60,96
66,96
71,96
76,96
81,96
82,102
82,107
82,114
82,120
82,126
82,131
82,136
</s>
<s>
43,105
48,105
54,105
60,105
66,105
</s>
<s>
65,108
64,114
63,119
62,124
61,129
59,134
56,138
</s>
<s>
95,85
96,90
97,95
97,100
97,107
96,113
94,119
91,125
</s>
<s>
110,77
111,83
111,89
111,94
</s>
<s>
99,98
104,98
109,98
114,98
120,98
</s>
<s>
103,104
109,106
114,107
117,111
117,117
117,123
117,130
117,136
118,142
</s>