<s>
69,20
69,26
69,31
69,37
71,45
72,51
72,57
73,62
73,67
</s>
<s>
66,21
71,20
76,19
81,18
86,18
91,18
96,18
101,18
103,23
102,29
102,34
102,40
102,46
102,51
102,57
102,62
102,67
102,72
</s>
<s>
73,39
78,39
83,39
89,38
</s>
<s>
80,53
85,53
</s>
<s>
73,70
79,70
85,70
90,70
</s>
<s>
52,76
51,82
50,87
54,90
60,90
66,90
71,90
75,93
76,99
76,105
78,113
78,127
78,134
78,139
78,144
</s>
<s>
39,107
44,107
50,107
55,107
61,108
66,108
</s>
<s>
58,108
58,113
59,120
59,126
59,131
59,136
59,141
57,147
52,150
</s>
<s>
95,79
99,82
99,87
100,92
100,98
100,104
100,110
100,116
99,122
98,127
95,131
</s>
<s>
116,73
116,79
116,84
</s>
<s>
103,91
109,91
116,91
122,91
128,91
</s>
<s>
107,103
113,102
119,102
124,102
125,109
125,116
125,126
125,140
127,154
127,162
129,170
129,176
</s>