<s>
71,27
75,32
76,37
76,44
77,49
78,54
78,60
79,65
79,70
</s>
<s>
75,27
81,27
87,26
93,24
99,24
104,24
104,30
104,36
105,41
106,46
106,51
107,57
108,63
</s>
<s>
79,42
84,42
90,43
95,43
</s>
<s>
83,56
89,56
94,56
99,56
</s>
<s>
79,74
84,73
89,72
95,72
102,72
107,72
</s>
<s>
54,73
54,78
54,83
54,88
59,89
66,87
71,87
78,86
83,85
84,91
84,97
84,102
84,108
84,114
84,120
84,126
</s>
<s>
56,103
61,102
66,102
72,101
78,101
84,101
</s>
<s>
70,107
70,112
69,118
67,123
64,128
58,130
</s>
<s>
104,77
106,82
106,88
106,94
106,100
106,107
106,113
104,118
102,123
</s>
<s>
119,73
120,79
120,84
</s>
<s>
99,88
104,88
111,88
116,88
121,88
126,88
131,87
136,86
</s>
<s>
109,97
114,96
120,96
125,96
130,96
134,99
134,105
134,111
134,116
134,122
134,127
</s>