<s>
51,83
52,88
54,94
54,100
55,106
56,112
57,117
58,122
58,127
58,132
58,137
59,142
59,148
</s>
<s>
58,76
64,76
70,76
77,76
84,77
89,77
94,77
100,78
106,78
112,79
118,79
124,79
130,79
135,80
140,80
145,80
147,85
147,90
146,97
145,102
144,107
144,112
144,117
142,122
141,127
141,132
141,137
140,142
</s>
<s>
88,87
88,92
88,98
87,104
85,109
82,113
77,116
</s>
<s>
105,88
105,93
104,99
103,104
106,108
110,111
116,113
124,115
129,115
134,115
</s>
<s>
66,143
77,144
87,144
102,144
115,144
126,144
132,144
138,145
</s>