<s>
41,82
46,81
51,81
59,81
69,81
74,81
79,81
84,79
89,79
</s>
<s>
71,46
71,51
71,56
71,61
71,69
71,79
71,89
71,98
71,103
71,111
71,120
71,126
71,131
71,137
71,143
71,149
71,154
71,159
66,155
63,147
59,143
</s>
<s>
40,143
44,139
51,132
60,126
72,119
84,112
88,108
94,104
98,100
</s>
<s>
95,60
105,59
117,57
129,57
140,57
146,56
144,62
140,68
135,78
130,85
125,93
123,99
</s>
<s>
116,81
114,86
112,92
110,99
110,104
</s>
<s>
97,108
102,108
108,106
113,105
118,104
92,108
</s>
<s>
92,108
90,120
88,132
88,137
88,142
88,148
89,153
94,155
108,155
122,153
128,151
138,151
150,148
158,146
163,143
165,138
167,132
167,121
167,112
167,106
</s>