<s>
41,109
47,109
52,109
60,107
70,107
79,105
85,104
90,103
95,102
</s>
<s>
72,69
72,74
72,79
72,84
72,89
72,101
72,110
74,118
74,124
74,134
74,143
75,149
76,154
77,160
77,167
77,172
67,168
63,163
59,160
</s>
<s>
51,162
60,155
64,151
70,147
80,140
86,135
91,130
</s>
<s>
91,87
102,87
114,86
120,84
132,82
142,82
147,82
148,87
147,92
145,102
144,107
142,112
139,116
</s>
<s>
117,93
117,98
117,103
117,109
</s>
<s>
98,116
103,116
113,118
118,118
123,118
</s>
<s>
97,104
98,109
98,117
100,125
100,135
103,145
104,151
105,157
106,162
111,163
120,166
125,166
133,166
140,166
145,166
150,166
155,166
160,164
161,159
161,154
161,149
</s>