<s>
45,111
50,111
56,111
61,111
66,111
72,111
77,111
82,111
87,110
</s>
<s>
64,74
64,86
64,92
64,97
64,107
66,115
66,122
66,127
66,132
66,137
66,143
66,150
66,155
66,160
67,165
63,161
61,155
57,149
53,143
51,137
</s>
<s>
44,144
49,141
55,139
61,137
73,131
81,129
89,124
97,121
101,118
</s>
<s>
96,82
101,84
106,84
111,84
116,84
121,84
126,82
131,82
134,87
134,98
134,103
134,108
</s>
<s>
117,83
117,88
117,99
117,105
117,110
</s>
<s>
104,108
109,108
114,108
120,108
125,108
</s>
<s>
96,101
98,111
98,116
98,121
98,131
98,137
98,142
98,147
98,152
103,154
109,154
123,154
129,154
137,152
142,151
149,151
155,151
161,151
166,149
166,143
166,138
</s>