<s>
45,93
51,92
56,91
61,90
67,88
75,86
81,85
87,85
93,83
100,81
105,80
</s>
<s>
78,50
78,62
80,69
81,74
82,80
83,87
84,92
85,99
86,104
86,109
86,114
86,119
86,125
86,130
86,136
86,141
86,146
86,151
86,156
86,162
86,167
80,162
73,152
66,144
63,140
</s>
<s>
43,140
49,136
55,132
63,126
73,121
81,116
87,110
93,104
</s>
<s>
98,61
103,61
115,61
128,61
141,61
146,61
148,66
146,73
144,83
142,93
140,102
138,107
</s>
<s>
117,74
117,79
117,84
117,89
</s>
<s>
100,104
107,104
116,102
126,100
136,100
</s>
<s>
97,82
98,89
98,99
98,109
98,121
98,130
98,136
98,141
98,146
101,150
106,152
111,154
119,156
129,157
135,159
141,159
151,159
158,161
163,161
168,161
169,154
169,145
169,140
</s>