<s>
36,113
41,113
46,112
51,111
56,110
61,110
66,109
71,107
76,106
81,106
90,106
95,106
</s>
<s>
61,61
63,67
64,74
66,81
66,86
66,91
66,98
66,104
66,109
66,114
64,120
63,125
62,131
61,137
61,142
61,148
61,153
61,158
61,163
63,168
57,163
52,156
49,151
</s>
<s>
37,156
42,153
52,148
64,143
68,139
74,137
</s>
<s>
81,85
86,85
96,85
107,83
116,79
119,83
119,90
117,100
114,105
</s>
<s>
104,94
104,99
104,105
90,111
</s>
<s>
90,111
95,111
105,111
114,112
119,112
</s>
<s>
87,101
86,108
86,113
86,122
86,129
86,134
87,139
90,143
94,146
100,148
107,150
113,151
122,153
127,153
132,154
137,154
142,151
142,146
142,141
</s>