<s>
42,103
54,99
66,96
78,91
88,88
94,83
99,81
75,46
</s>
<s>
75,46
75,52
77,60
79,71
79,82
79,90
80,95
82,105
82,110
82,115
82,122
82,127
82,133
82,138
82,145
82,150
82,155
82,160
82,165
78,161
</s>
<s>
57,163
63,157
70,152
74,148
80,142
88,135
95,131
97,126
</s>
<s>
105,79
110,78
120,76
131,74
140,73
145,73
145,78
145,85
144,90
143,95
</s>
<s>
133,83
132,89
130,99
</s>
<s>
113,110
118,111
126,109
135,107
140,106
</s>
<s>
113,97
113,109
113,119
113,129
113,134
113,139
114,144
119,146
130,147
139,149
149,149
158,151
165,151
170,150
172,144
173,134
173,124
</s>