<s>
42,102
48,101
54,99
60,97
66,95
72,91
78,89
84,84
88,80
93,75
</s>
<s>
69,72
71,78
71,83
73,89
75,95
77,101
77,109
79,115
79,131
81,137
81,148
81,155
81,162
77,159
73,155
68,148
64,144
60,141
</s>
<s>
44,144
52,141
56,135
62,133
68,127
74,123
80,118
84,114
</s>
<s>
90,76
96,75
106,72
114,72
120,70
128,70
134,68
139,68
145,66
143,72
140,82
136,90
134,96
134,101
</s>
<s>
122,83
121,88
119,93
117,98
</s>
<s>
100,106
105,106
111,106
120,104
128,102
</s>
<s>
101,103
99,113
99,125
99,132
100,137
102,143
103,149
107,152
112,152
119,153
125,153
130,153
135,153
138,149
138,144
138,138
137,132
</s>