<s>
36,103
41,103
50,103
63,103
75,103
86,103
91,103
96,102
</s>
<s>
70,56
73,66
73,75
74,85
75,95
75,103
75,113
75,122
77,132
77,139
77,144
77,150
77,155
77,160
77,165
78,170
73,167
69,159
65,155
59,147
54,140
</s>
<s>
41,145
52,142
62,137
68,135
78,129
84,127
90,125
86,70
</s>
<s>
86,70
91,70
103,68
115,68
127,66
133,65
139,64
145,63
148,67
146,73
143,80
139,87
139,92
137,98
137,103
</s>
<s>
124,84
124,89
123,94
122,99
</s>
<s>
107,103
112,103
120,103
132,102
137,101
95,90
</s>
<s>
95,90
96,97
96,107
96,117
96,127
96,132
96,140
96,145
98,150
102,153
107,156
117,160
126,160
138,160
152,160
163,160
171,160
172,155
</s>