<s>
39,86
44,86
49,85
56,83
64,79
71,77
76,74
81,72
86,70
</s>
<s>
65,38
64,44
64,55
64,61
64,74
63,86
61,96
60,101
58,109
57,119
55,125
54,130
53,136
53,141
53,146
53,151
53,156
52,161
52,166
49,158
45,151
43,146
40,142
</s>
<s>
34,141
41,134
47,130
54,125
61,118
66,115
70,111
75,108
</s>
<s>
82,66
88,65
98,65
104,63
112,61
120,59
121,64
117,73
112,80
108,85
103,90
100,94
</s>
<s>
95,76
93,82
91,87
89,92
</s>
<s>
82,99
88,99
98,99
</s>
<s>
79,90
81,96
81,101
81,111
77,121
75,132
75,140
73,149
72,154
71,159
77,161
87,161
101,163
116,163
124,163
134,163
140,159
147,153
151,144
153,138
155,126
155,114
155,108
</s>