<s>
37,97
45,97
53,95
61,93
69,93
77,91
85,89
93,89
101,87
113,85
118,83
</s>
<s>
81,48
81,53
81,59
81,64
81,69
81,75
81,83
81,89
80,94
78,106
77,112
75,122
74,136
72,142
71,148
71,153
70,158
67,153
65,147
63,140
60,134
</s>
<s>
37,135
42,135
52,134
58,132
68,132
78,130
88,128
106,124
116,124
124,119
</s>
<s>
106,64
113,64
126,64
134,64
142,64
152,64
163,64
176,64
176,70
173,76
169,84
167,89
163,93
</s>
<s>
142,66
142,71
142,82
140,87
137,92
</s>
<s>
136,97
144,97
157,97
</s>
<s>
120,81
120,86
120,91
119,98
118,107
118,112
118,117
118,122
118,127
122,130
128,132
133,133
141,135
146,136
152,136
162,139
167,139
172,139
176,135
176,129
174,124
</s>