<s>
43,95
48,95
59,96
71,94
83,92
88,91
93,89
</s>
<s>
72,53
72,58
72,70
72,82
74,92
74,102
74,107
74,112
74,117
74,123
72,129
71,135
70,142
70,147
68,152
68,157
67,162
66,167
65,172
63,167
61,162
60,157
</s>
<s>
42,155
48,150
58,145
67,138
77,131
85,124
90,120
97,114
102,110
</s>
<s>
103,78
109,77
119,76
125,74
133,74
138,73
141,77
140,82
138,87
134,97
130,106
126,113
125,119
</s>
<s>
122,80
119,84
116,93
112,100
111,105
</s>
<s>
102,119
108,117
113,116
</s>
<s>
100,98
101,109
101,121
101,131
101,142
101,148
101,156
101,162
104,166
114,166
125,167
137,167
150,165
156,163
166,161
172,159
175,154
175,149
175,141
175,136
</s>