<s>
26,88
32,88
37,87
43,87
49,87
54,86
59,85
65,84
70,83
76,83
</s>
<s>
42,48
44,60
46,67
46,77
46,87
46,99
46,111
46,119
46,124
46,129
46,134
46,140
46,147
46,153
46,158
46,163
46,168
46,173
39,169
35,163
32,159
36,146
</s>
<s>
36,146
43,141
51,136
59,129
67,124
72,119
</s>
<s>
68,63
74,63
84,63
94,63
104,63
109,63
112,67
110,75
106,85
105,90
103,95
</s>
<s>
86,77
86,83
86,89
85,95
</s>
<s>
70,104
82,104
91,103
101,103
106,103
</s>
<s>
71,88
71,98
70,107
70,118
70,128
70,136
70,141
70,146
70,151
74,155
84,159
91,162
101,162
113,164
126,164
134,164
139,164
143,161
143,156
143,149
</s>