<s>
37,90
42,91
47,91
52,91
58,91
63,91
68,91
74,91
79,91
84,90
89,90
</s>
<s>
65,49
65,54
65,59
65,64
65,69
65,74
67,80
67,85
69,93
71,101
72,106
72,111
73,117
73,124
73,129
73,135
73,140
73,145
73,150
71,159
71,164
70,169
66,166
62,162
61,157
</s>
<s>
42,150
47,147
52,143
58,137
63,133
70,127
75,122
79,119
83,116
</s>
<s>
85,69
91,71
96,71
106,71
111,70
116,68
116,73
115,79
114,86
113,91
</s>
<s>
105,80
103,86
102,92
</s>
<s>
90,103
99,101
104,101
112,99
</s>
<s>
87,83
88,88
90,97
92,103
92,109
94,117
96,127
96,133
97,143
100,147
105,150
113,153
120,155
127,156
132,157
137,155
141,152
144,143
145,133
145,127
</s>