<s>
40,102
45,100
52,98
59,96
65,96
71,94
78,92
84,91
89,90
94,90
</s>
<s>
65,58
66,65
67,70
69,78
69,87
70,94
71,99
71,106
71,113
71,120
71,125
71,130
71,135
71,142
71,148
71,154
71,159
71,164
71,170
71,175
65,165
58,157
56,152
</s>
<s>
42,155
46,152
52,146
61,140
68,135
72,131
78,125
82,121
85,117
</s>
<s>
91,64
98,64
110,62
120,60
125,59
130,58
135,56
138,61
136,70
134,79
131,91
129,100
125,108
124,113
</s>
<s>
114,76
113,81
111,91
110,97
109,102
</s>
<s>
99,115
105,113
110,112
115,112
</s>
<s>
92,98
92,104
92,112
92,124
92,134
90,140
90,150
88,160
88,166
93,169
102,169
113,169
128,169
140,170
145,170
148,165
148,159
149,153
</s>