<s>
36,101
41,101
46,100
52,98
61,96
67,95
73,94
78,93
83,92
</s>
<s>
60,55
60,61
60,73
60,79
60,84
60,92
61,98
62,103
62,110
62,121
64,128
64,133
65,138
66,143
67,148
67,153
67,158
67,163
67,168
60,161
55,155
33,148
</s>
<s>
33,148
39,143
44,139
54,136
65,131
69,127
77,123
83,121
89,119
93,116
</s>
<s>
87,69
94,68
104,67
116,67
128,66
133,65
138,64
138,69
138,74
138,82
138,87
137,92
136,97
</s>
<s>
116,71
115,76
113,83
113,89
113,94
111,99
</s>
<s>
92,105
97,103
104,102
111,100
116,100
121,100
126,100
</s>
<s>
93,81
93,86
93,95
94,101
95,107
95,112
95,118
94,124
94,129
94,134
95,139
97,144
99,149
104,151
109,153
114,153
123,155
128,155
133,155
138,155
143,154
149,154
154,154
156,149
155,144
</s>