<s>
27,116
32,116
38,114
44,112
50,110
61,106
71,102
79,100
85,96
91,94
97,92
103,88
</s>
<s>
81,75
81,81
81,87
81,95
81,106
81,117
79,134
77,143
77,149
77,155
73,149
70,141
67,133
</s>
<s>
43,137
53,133
61,130
65,126
70,125
74,121
79,118
</s>
<s>
88,72
93,73
99,75
104,75
112,75
123,75
128,75
137,73
140,78
140,84
139,90
135,100
131,104
129,109
</s>
<s>
118,87
118,92
118,97
117,102
</s>
<s>
98,107
103,108
110,108
116,107
</s>
<s>
96,102
96,108
96,113
96,121
94,127
94,137
94,142
94,147
100,149
104,153
112,155
122,156
127,157
135,159
140,160
145,160
150,159
152,154
153,149
153,144
</s>