<s>
31,99
37,98
46,94
52,92
58,90
64,86
74,82
78,79
</s>
<s>
63,63
63,69
63,79
63,84
61,96
59,102
59,110
57,119
56,124
56,136
56,141
56,148
56,153
56,158
53,153
51,147
46,141
43,137
</s>
<s>
30,131
34,127
40,123
46,121
54,117
60,115
68,111
74,109
80,107
</s>
<s>
77,74
82,74
87,73
93,71
98,70
110,68
112,74
111,79
110,84
</s>
<s>
97,78
96,83
95,89
94,94
</s>
<s>
84,95
90,95
96,95
</s>
<s>
80,87
81,92
81,97
81,104
79,110
78,115
76,128
76,133
76,138
77,143
82,145
87,147
93,149
102,151
111,153
122,155
127,156
133,156
139,156
143,153
144,148
145,141
145,133
145,120
143,112
</s>