<s>
35,88
41,88
46,88
56,88
69,88
75,86
85,84
93,82
101,80
</s>
<s>
73,43
74,49
74,54
74,62
74,72
74,83
74,93
74,101
74,111
72,117
72,125
72,135
72,144
72,150
72,155
72,162
72,168
72,173
72,179
62,173
58,168
55,164
54,142
</s>
<s>
54,142
60,138
66,133
71,130
76,129
99,63
</s>
<s>
99,63
105,61
110,61
122,61
131,61
137,62
137,68
135,75
134,81
132,87
130,92
128,97
</s>
<s>
117,71
115,76
113,86
113,91
</s>
<s>
103,101
108,100
114,98
120,97
125,97
</s>
<s>
94,85
95,90
95,101
95,111
95,124
95,135
95,140
95,146
97,151
103,153
110,156
120,159
130,163
144,165
154,165
159,165
162,155
163,149
164,143
</s>