<s>
42,92
47,91
53,89
60,86
65,85
71,85
76,84
</s>
<s>
48,46
52,50
53,62
55,70
57,79
59,90
61,100
61,108
62,117
63,122
64,127
64,134
64,139
64,144
61,150
60,155
57,149
56,143
</s>
<s>
40,143
47,138
56,131
60,127
68,125
72,121
78,115
82,112
</s>
<s>
84,73
95,71
109,71
115,69
127,69
137,66
137,71
135,77
132,82
129,87
</s>
<s>
111,71
111,76
111,81
109,87
</s>
<s>
94,97
100,97
108,97
118,97
123,96
</s>
<s>
93,83
94,89
96,99
98,110
99,120
100,125
101,130
103,135
108,135
115,137
124,139
130,141
140,141
154,141
164,141
169,139
170,128
170,119
172,113
172,105
172,94
</s>