<s>
96,54
99,58
102,62
</s>
<s>
84,73
89,73
95,73
100,73
108,73
113,73
118,73
123,73
128,72
</s>
<s>
113,80
112,85
110,90
108,95
102,102
95,111
91,115
84,121
80,124
75,125
</s>
<s>
94,84
96,89
99,94
106,101
109,105
114,108
119,111
124,112
130,113
138,113
143,114
</s>
<s>
61,57
64,61
67,65
</s>
<s>
48,76
53,76
58,76
63,76
69,76
73,79
69,83
66,88
62,93
67,95
71,98
69,103
66,107
62,111
57,114
</s>
<s>
37,112
42,112
47,113
52,116
57,118
63,120
67,123
73,125
79,129
84,131
90,133
95,135
101,137
107,139
112,141
121,143
126,144
131,144
141,144
147,144
153,143
159,142
</s>