<s>
67,25
69,31
70,36
71,42
71,47
71,53
71,59
71,64
71,70
</s>
<s>
70,24
77,24
84,24
91,24
98,24
104,24
106,29
106,34
106,40
106,47
106,55
106,62
106,68
106,73
</s>
<s>
77,41
83,41
88,41
</s>
<s>
73,57
78,57
83,57
89,57
96,57
101,57
</s>
<s>
71,75
77,75
83,75
95,79
103,81
108,82
</s>
<s>
59,75
59,80
59,85
58,90
63,91
69,90
76,89
81,89
85,94
85,101
85,109
85,117
84,124
83,130
</s>
<s>
50,100
55,101
60,101
66,101
71,101
76,101
81,101
</s>
<s>
74,101
73,107
71,112
69,117
67,122
63,127
59,132
54,134
</s>
<s>
104,80
107,85
107,91
107,97
107,103
105,108
103,113
101,119
97,125
92,129
87,131
</s>
<s>
124,72
124,78
124,83
124,88
</s>
<s>
109,95
114,94
125,91
131,90
136,89
141,88
</s>
<s>
110,103
116,102
121,102
127,102
133,102
137,106
136,113
136,119
135,125
135,131
134,137
</s>