<s>
63,40
63,45
63,50
63,55
63,60
63,65
63,70
63,75
63,80
63,85
63,91
63,96
63,101
</s>
<s>
62,39
69,39
74,39
79,39
84,39
89,39
95,39
100,39
105,39
110,39
115,40
120,40
125,41
126,46
125,51
124,57
123,62
122,67
120,72
120,77
119,83
119,88
119,93
</s>
<s>
68,55
73,56
79,56
84,56
89,56
94,56
99,58
104,59
</s>
<s>
67,76
72,77
79,77
84,77
90,79
95,79
100,79
105,79
111,79
</s>
<s>
65,98
72,98
78,98
86,98
91,98
96,98
101,98
106,98
</s>
<s>
35,90
35,95
35,100
35,105
35,111
35,116
39,119
44,119
52,121
63,123
69,123
74,124
77,128
76,133
76,139
74,147
73,152
72,157
71,162
70,167
70,173
69,178
</s>
<s>
19,144
25,144
31,144
37,144
43,144
48,144
53,144
58,143
63,143
</s>
<s>
48,150
48,155
45,159
42,163
39,167
36,171
31,174
27,177
</s>
<s>
154,81
152,86
151,91
148,95
146,100
144,105
142,110
139,114
138,119
</s>
<s>
105,124
110,124
115,124
121,124
126,124
131,124
136,124
141,124
146,124
151,124
</s>
<s>
108,124
107,129
106,135
104,140
103,146
102,151
101,156
101,161
100,167
100,172
</s>
<s>
107,143
112,143
118,143
123,143
129,143
134,143
139,144
141,149
141,155
140,160
138,165
138,170
138,175
</s>