<s>
65,28
65,33
65,40
65,53
65,61
65,69
64,75
64,80
</s>
<s>
66,27
71,25
77,25
83,24
85,30
85,37
85,44
85,50
85,56
85,61
85,66
</s>
<s>
66,48
71,47
77,47
83,47
</s>
<s>
68,56
73,56
79,56
</s>
<s>
63,71
70,69
75,69
81,69
87,69
92,69
</s>
<s>
47,78
48,84
47,89
52,92
57,91
63,89
68,89
73,88
74,93
75,100
75,108
75,116
75,126
75,132
75,137
</s>
<s>
37,109
42,108
49,107
59,107
66,107
73,107
80,107
</s>
<s>
55,109
57,114
57,120
57,125
57,131
54,136
</s>
<s>
85,82
87,88
88,94
88,100
88,105
88,112
87,117
85,122
82,128
</s>
<s>
99,79
100,84
100,89
100,94
</s>
<s>
90,98
96,97
102,95
109,95
115,94
</s>
<s>
91,106
98,105
103,103
108,103
109,110
109,117
111,125
111,132
111,140
111,146
</s>