<s>
64,23
67,29
69,35
69,40
69,47
70,53
71,58
71,64
71,69
</s>
<s>
69,21
74,20
79,19
85,18
90,16
95,15
100,18
100,23
101,28
101,34
101,39
101,44
101,49
102,54
102,59
102,64
</s>
<s>
71,41
76,41
81,41
86,40
91,38
</s>
<s>
73,48
78,48
83,48
88,48
</s>
<s>
72,70
77,70
82,69
87,69
92,69
97,68
102,68
</s>
<s>
60,79
61,84
60,89
66,91
72,90
77,90
82,90
84,95
84,101
86,113
86,120
87,126
87,132
</s>
<s>
57,102
63,102
69,100
74,99
</s>
<s>
74,101
73,106
70,111
67,117
63,121
</s>
<s>
102,79
107,83
107,90
107,96
107,103
106,108
104,114
102,120
</s>
<s>
122,74
123,79
123,84
</s>
<s>
108,91
113,91
119,91
124,90
131,89
137,89
142,88
</s>
<s>
108,102
114,101
120,100
125,99
130,99
131,104
131,111
131,118
131,123
131,129
131,135
131,140
</s>