<s>
65,25
65,30
65,35
65,41
65,47
65,52
65,57
66,62
67,68
</s>
<s>
65,25
70,25
75,25
82,25
87,24
90,29
90,34
90,39
90,44
90,50
90,56
90,61
90,66
90,71
</s>
<s>
70,44
75,43
80,43
</s>
<s>
63,57
70,57
76,57
81,57
</s>
<s>
66,70
71,70
76,70
84,70
89,70
94,70
</s>
<s>
40,80
41,86
41,91
40,96
46,96
53,95
59,95
65,94
70,94
71,100
71,106
71,120
71,134
73,144
75,156
75,161
</s>
<s>
36,115
43,115
49,115
55,115
60,115
</s>
<s>
52,116
53,122
53,127
53,134
51,139
48,144
43,146
</s>
<s>
93,87
96,91
97,98
97,103
96,109
94,114
93,121
91,126
89,132
86,136
83,140
</s>
<s>
112,85
112,91
112,97
</s>
<s>
98,104
105,102
116,100
122,99
128,99
</s>
<s>
100,110
107,109
112,109
117,109
122,109
122,114
121,119
119,127
119,135
119,143
119,150
119,155
</s>