<s>
65,30
66,37
66,43
66,49
66,54
66,59
66,64
66,69
</s>
<s>
64,27
69,27
74,26
80,26
85,26
90,25
91,30
91,35
91,41
91,46
91,51
91,57
91,62
</s>
<s>
71,44
76,44
81,44
72,53
</s>
<s>
72,53
79,52
84,52
89,52
94,52
</s>
<s>
69,70
75,70
81,70
86,70
</s>
<s>
37,76
38,81
38,86
46,86
53,86
61,86
68,86
73,87
73,92
72,97
70,102
69,107
68,112
68,118
67,123
</s>
<s>
46,95
52,95
57,95
63,94
</s>
<s>
58,95
58,100
58,105
57,112
56,117
53,122
</s>
<s>
90,74
91,80
91,85
91,90
91,95
91,101
91,106
89,112
</s>
<s>
110,65
109,71
109,77
109,82
</s>
<s>
95,86
100,86
105,86
111,86
116,86
122,86
</s>
<s>
95,97
101,96
106,96
112,96
116,99
114,105
114,111
114,118
114,126
114,134
115,139
</s>