<s>
72,25
76,29
77,35
78,41
78,46
79,51
80,57
80,64
80,69
</s>
<s>
77,22
82,22
89,22
95,22
100,22
104,25
105,32
106,39
106,45
107,50
107,55
107,60
107,65
</s>
<s>
87,45
93,45
98,45
</s>
<s>
84,56
89,56
94,57
</s>
<s>
86,72
92,72
97,72
</s>
<s>
61,76
63,82
63,88
63,93
70,94
77,94
82,93
87,93
90,98
91,104
93,112
93,119
93,126
93,131
</s>
<s>
58,107
63,107
68,107
74,107
79,107
84,107
</s>
<s>
76,107
76,112
76,119
75,124
72,130
</s>
<s>
109,78
111,84
111,89
111,95
111,101
111,109
109,117
104,126
101,132
</s>
<s>
118,77
123,80
123,85
123,90
</s>
<s>
115,100
121,99
127,98
135,98
141,98
</s>
<s>
113,108
118,107
123,106
128,106
129,113
131,124
131,131
132,136
134,141
</s>