<s>
74,28
76,33
77,39
77,45
77,50
78,55
78,61
79,67
</s>
<s>
77,25
82,24
87,23
92,23
97,23
99,28
99,33
100,39
100,44
100,49
100,55
100,60
100,65
</s>
<s>
80,41
85,42
</s>
<s>
83,53
88,53
</s>
<s>
82,68
87,68
93,68
98,68
</s>
<s>
57,72
60,76
60,81
60,86
65,88
70,88
75,87
80,87
80,92
80,97
80,102
80,107
80,112
80,117
</s>
<s>
51,101
56,101
61,101
66,101
71,101
</s>
<s>
64,101
65,106
65,111
65,116
62,120
58,124
54,127
</s>
<s>
89,80
92,84
92,89
92,95
92,100
92,105
90,110
88,115
</s>
<s>
103,75
106,79
107,84
</s>
<s>
90,89
96,89
101,88
107,87
115,85
123,85
130,84
</s>
<s>
94,94
99,94
105,95
111,95
116,96
119,100
119,105
119,111
119,116
119,121
</s>