<s>
71,32
71,38
71,43
71,48
71,53
71,59
71,65
71,70
71,75
</s>
<s>
72,32
77,31
82,31
87,31
93,31
98,32
98,37
98,42
98,47
98,53
98,58
98,63
98,68
98,73
</s>
<s>
73,50
78,50
83,50
</s>
<s>
74,61
80,61
85,61
91,62
</s>
<s>
73,73
79,73
86,73
91,75
</s>
<s>
56,78
56,83
56,88
56,94
62,97
69,97
74,97
79,98
79,105
81,115
81,121
83,129
84,134
84,140
</s>
<s>
41,113
48,113
55,113
62,113
68,113
73,113
</s>
<s>
56,113
56,118
56,123
56,129
54,134
50,138
</s>
<s>
97,86
98,91
98,96
98,102
97,108
95,113
93,119
90,123
87,128
</s>
<s>
112,79
112,84
112,90
112,95
</s>
<s>
99,98
105,98
110,98
117,98
122,98
</s>
<s>
101,106
106,106
112,106
114,111
114,117
114,122
114,128
114,133
114,138
114,143
</s>