<s>
73,28
73,34
73,39
74,44
74,49
74,54
74,59
74,64
74,70
</s>
<s>
72,25
77,25
83,25
89,24
94,24
97,29
99,35
99,41
100,47
100,52
101,58
101,63
101,69
</s>
<s>
78,45
84,45
89,45
</s>
<s>
79,52
84,52
89,52
</s>
<s>
73,70
78,70
84,70
90,71
96,71
102,72
</s>
<s>
57,78
58,84
58,90
65,91
72,91
79,91
84,91
89,91
89,97
89,102
89,108
89,113
89,118
88,123
</s>
<s>
58,101
64,101
70,101
76,101
</s>
<s>
75,102
75,107
73,112
71,117
68,123
</s>
<s>
99,76
102,80
102,86
102,92
102,99
100,104
98,109
96,114
94,119
</s>
<s>
115,70
114,75
114,80
</s>
<s>
105,86
110,86
116,86
121,86
126,86
131,86
</s>
<s>
106,96
112,96
119,96
124,96
127,100
126,106
125,112
125,117
125,123
</s>