<s>
76,30
76,35
76,40
76,45
76,50
77,55
77,60
77,65
77,70
77,75
77,81
77,86
</s>
<s>
77,23
84,23
89,23
97,23
102,23
107,23
112,23
117,22
122,22
127,22
132,22
134,28
134,33
134,38
134,44
134,50
133,55
133,61
133,66
133,71
133,76
132,81
132,86
</s>
<s>
75,45
80,46
86,47
92,47
98,47
103,47
108,47
113,47
118,47
</s>
<s>
85,71
90,72
95,72
104,74
109,74
115,74
120,75
</s>
<s>
76,93
82,94
88,94
93,94
101,96
106,96
111,96
116,96
122,96
127,96
132,96
</s>
<s>
47,88
47,93
47,99
46,104
45,109
45,114
49,118
54,118
65,120
76,120
82,122
90,122
96,122
100,125
100,131
99,138
98,144
97,150
97,155
96,162
95,167
</s>
<s>
33,136
39,136
44,136
50,136
58,136
69,136
75,136
81,136
</s>
<s>
63,140
62,145
61,150
59,155
57,160
54,165
50,169
46,173
42,176
38,179
</s>
<s>
156,93
156,98
154,103
154,108
152,114
151,119
149,124
</s>
<s>
119,124
125,124
130,124
135,124
141,124
146,124
151,124
157,123
162,123
168,123
</s>
<s>
125,127
125,133
126,138
126,143
126,149
126,154
126,159
125,165
124,170
124,175
</s>
<s>
126,142
132,142
138,142
145,142
150,142
155,142
160,142
165,143
167,148
167,153
167,159
167,164
167,169
166,175
166,180
166,185
</s>