<s>
74,34
74,40
74,45
74,50
74,56
74,61
74,66
74,72
74,78
74,83
74,89
74,94
</s>
<s>
76,28
81,28
86,28
91,28
96,28
101,28
106,28
111,28
116,28
121,28
126,28
129,32
129,37
129,42
129,47
129,53
129,58
129,63
127,71
126,77
126,83
126,88
126,93
</s>
<s>
80,50
85,50
90,50
95,50
100,50
105,50
110,50
</s>
<s>
79,74
85,74
91,74
97,74
102,74
107,74
112,75
117,75
</s>
<s>
69,97
74,98
81,98
87,98
93,100
98,100
103,100
108,100
113,100
118,100
123,100
</s>
<s>
46,86
48,91
49,97
49,102
49,107
49,112
49,117
49,122
48,127
53,128
58,128
63,128
68,128
73,128
77,131
77,136
78,141
78,147
78,152
78,157
78,163
78,168
</s>
<s>
27,143
32,143
37,143
46,141
57,141
62,141
67,141
</s>
<s>
60,144
57,149
54,153
50,157
46,161
42,165
38,168
33,171
29,174
25,177
</s>
<s>
144,80
144,85
145,92
145,98
145,103
145,109
145,114
143,119
142,124
</s>
<s>
105,130
113,130
119,130
124,129
130,129
136,129
141,129
146,129
151,130
157,130
</s>
<s>
119,130
119,135
118,140
117,145
117,150
116,155
115,160
114,165
113,170
</s>
<s>
120,146
125,146
131,146
142,146
147,146
151,150
151,155
151,162
151,167
151,173
151,178
</s>