<s>
68,27
72,30
73,37
73,44
73,50
73,55
73,60
73,65
</s>
<s>
72,21
77,21
82,21
87,21
91,25
92,31
93,36
93,41
93,46
93,51
93,57
93,62
</s>
<s>
73,36
78,36
83,36
</s>
<s>
76,49
81,49
</s>
<s>
72,63
77,64
82,64
87,64
92,64
</s>
<s>
54,67
54,73
53,78
58,82
63,82
69,82
75,82
80,82
80,87
80,92
80,98
80,104
80,110
80,115
</s>
<s>
47,97
52,97
58,97
66,97
73,97
78,97
</s>
<s>
68,97
68,103
67,110
62,120
58,125
54,128
49,131
</s>
<s>
98,68
100,73
100,79
100,84
100,89
100,95
97,101
94,105
91,109
87,115
</s>
<s>
118,58
118,64
118,69
118,75
</s>
<s>
104,81
110,81
115,81
120,81
125,81
</s>
<s>
102,90
108,90
113,90
118,90
123,90
125,97
126,104
127,110
127,116
127,121
127,127
</s>