<s>
73,24
75,30
75,36
75,42
75,48
75,53
75,59
75,64
</s>
<s>
76,21
81,21
86,21
91,21
96,21
101,21
106,24
106,29
106,34
106,40
106,46
106,52
106,58
106,64
106,69
106,74
</s>
<s>
80,39
85,39
90,39
</s>
<s>
80,52
85,52
90,52
95,52
</s>
<s>
76,68
81,68
86,68
91,67
96,67
</s>
<s>
60,77
61,82
61,87
67,87
72,87
77,86
82,86
87,86
92,86
92,91
92,96
92,102
93,108
95,116
95,122
96,127
97,132
</s>
<s>
67,99
73,99
79,99
84,99
</s>
<s>
75,103
76,108
76,113
75,119
72,125
68,128
</s>
<s>
110,77
110,82
111,87
111,94
109,99
107,105
104,111
101,115
97,118
</s>
<s>
122,73
123,79
123,84
</s>
<s>
108,89
113,89
118,89
124,89
129,89
135,87
140,87
146,87
151,87
</s>
<s>
115,96
121,95
127,95
132,95
132,101
132,107
132,114
132,121
132,127
132,132
</s>