<s>
74,23
74,29
74,35
74,40
74,46
74,51
74,57
74,62
74,67
74,72
</s>
<s>
76,20
82,20
88,20
95,20
100,20
105,20
106,25
106,31
106,37
106,43
106,49
106,54
107,59
108,64
</s>
<s>
76,40
82,40
87,40
92,40
97,40
</s>
<s>
75,54
80,54
86,54
91,54
</s>
<s>
75,69
81,69
87,69
93,69
100,70
106,71
</s>
<s>
50,69
50,74
50,80
50,86
50,91
54,94
60,93
66,93
71,93
75,97
75,104
75,110
75,116
75,121
76,126
</s>
<s>
48,107
54,107
60,106
65,105
70,103
75,101
</s>
<s>
67,104
67,109
67,114
66,120
63,125
59,129
54,131
</s>
<s>
99,76
99,82
99,87
99,93
99,99
99,105
99,111
98,116
95,120
</s>
<s>
114,77
115,82
115,87
</s>
<s>
105,91
112,91
118,91
124,91
129,91
</s>
<s>
100,101
106,101
112,101
118,101
124,101
126,108
126,116
126,126
126,140
126,148
126,153
</s>