<s>
75,24
75,29
75,34
75,40
76,46
76,52
76,57
76,62
76,67
</s>
<s>
74,25
80,25
85,23
90,23
94,26
94,31
94,38
94,44
94,50
94,55
94,60
</s>
<s>
78,42
83,42
</s>
<s>
78,52
83,54
</s>
<s>
76,65
81,65
86,65
</s>
<s>
47,75
47,81
54,83
60,83
67,82
73,82
78,84
78,91
78,98
78,112
78,122
78,130
78,135
</s>
<s>
44,102
51,101
62,99
70,99
77,99
</s>
<s>
60,105
60,111
60,117
60,123
59,129
54,137
50,142
46,145
41,145
</s>
<s>
102,74
102,79
102,85
102,92
102,97
102,102
102,107
101,113
98,119
94,122
</s>
<s>
122,68
122,74
122,80
122,86
</s>
<s>
107,87
113,87
119,87
124,86
129,84
</s>
<s>
108,94
114,94
119,94
124,94
129,94
132,98
132,103
132,108
132,114
131,119
131,125
131,130
131,135
</s>