<s>
73,33
73,38
73,43
73,48
73,53
73,58
73,63
73,68
73,73
73,79
73,84
73,90
73,95
</s>
<s>
75,28
80,28
87,28
98,28
103,27
109,27
114,27
119,27
124,28
129,29
130,34
130,39
130,44
130,51
129,58
128,63
127,68
127,73
126,78
126,83
126,88
</s>
<s>
74,47
80,47
86,49
94,49
100,51
106,51
112,53
117,53
122,53
</s>
<s>
83,74
89,74
94,74
99,74
104,74
110,74
</s>
<s>
58,96
64,97
70,97
76,97
81,97
86,97
92,97
97,98
102,98
107,98
112,98
117,98
</s>
<s>
39,91
39,97
39,103
39,108
39,113
43,116
48,116
56,118
62,118
70,118
76,118
81,118
86,119
88,124
86,130
86,136
84,146
82,154
82,159
82,164
82,169
</s>
<s>
27,139
34,139
40,139
48,139
54,139
63,139
68,139
73,139
</s>
<s>
59,141
58,146
56,151
51,157
48,161
44,164
40,167
36,170
32,173
27,174
</s>
<s>
150,76
151,82
151,87
151,92
151,98
151,104
150,109
148,114
148,119
</s>
<s>
110,118
115,118
120,118
127,118
132,118
137,118
142,118
147,118
152,118
157,118
</s>
<s>
115,123
115,128
115,133
115,139
115,145
114,150
114,156
113,161
113,166
</s>
<s>
116,139
122,139
127,139
133,137
141,137
146,137
151,137
156,137
157,144
157,149
158,154
158,159
158,165
157,170
</s>