<s>
59,25
62,31
63,36
64,41
65,47
67,52
68,57
68,63
68,68
</s>
<s>
59,20
65,20
70,20
76,20
81,20
86,21
87,26
89,32
90,37
91,42
92,48
92,53
93,58
93,63
</s>
<s>
65,38
70,38
75,38
80,38
</s>
<s>
70,50
75,50
80,50
</s>
<s>
72,68
79,67
84,67
89,67
</s>
<s>
43,70
44,75
44,80
48,84
55,84
62,84
68,84
73,84
74,89
74,95
74,100
74,107
74,113
73,118
</s>
<s>
43,95
50,95
56,95
62,95
67,95
</s>
<s>
58,98
58,103
58,108
57,113
55,119
54,124
50,128
</s>
<s>
91,71
92,76
92,83
92,90
92,97
90,103
88,109
85,115
</s>
<s>
104,67
105,72
106,77
</s>
<s>
96,85
103,85
109,84
114,84
120,83
125,83
</s>
<s>
94,92
99,92
104,92
110,91
115,90
120,90
122,95
123,101
124,107
124,114
125,120
125,125
</s>