<s>
63,27
64,33
65,38
66,44
66,50
66,56
66,62
66,67
66,72
</s>
<s>
65,25
70,25
76,24
81,24
87,23
92,22
93,27
93,32
93,39
93,46
93,54
94,60
94,66
</s>
<s>
72,43
77,42
83,42
</s>
<s>
69,53
75,53
81,53
87,53
</s>
<s>
67,70
74,70
79,70
85,70
91,70
96,70
</s>
<s>
46,78
46,84
44,89
49,91
54,89
60,89
65,89
70,89
71,95
71,103
73,115
74,121
74,126
75,131
</s>
<s>
41,104
47,103
52,102
58,102
63,102
</s>
<s>
62,103
60,109
59,114
58,119
56,124
54,130
50,133
</s>
<s>
93,79
93,86
94,93
94,99
94,104
90,113
89,118
87,123
84,128
</s>
<s>
109,72
109,77
109,83
109,88
</s>
<s>
97,92
102,92
110,92
117,92
124,92
129,92
</s>
<s>
93,101
99,101
105,101
112,101
119,101
124,101
123,108
121,113
121,119
121,124
</s>