<s>
70,33
70,38
70,43
70,48
70,53
70,58
69,63
68,68
68,73
68,78
68,83
68,88
68,93
</s>
<s>
70,29
76,29
81,29
87,29
93,29
98,29
104,29
109,29
115,30
121,30
126,31
126,36
126,41
125,46
123,51
123,56
122,62
121,67
121,73
120,78
120,83
119,88
</s>
<s>
72,48
78,48
84,48
91,48
97,48
102,48
107,48
</s>
<s>
73,70
79,71
85,71
92,71
97,71
102,72
107,73
</s>
<s>
67,91
72,92
77,92
82,93
87,93
92,94
97,94
102,94
107,95
112,95
</s>
<s>
37,83
37,88
37,93
37,98
37,103
37,109
36,114
43,116
49,116
57,116
68,116
74,116
79,116
84,117
85,123
85,128
85,138
85,143
85,148
85,153
85,158
84,163
84,168
</s>
<s>
27,130
32,130
37,130
42,130
47,130
52,130
58,131
64,132
69,132
74,133
80,134
86,135
</s>
<s>
62,134
60,139
57,144
54,148
51,152
47,156
43,159
40,163
36,167
32,170
</s>
<s>
164,74
163,79
162,84
161,90
160,95
159,101
158,106
157,111
</s>
<s>
118,112
123,112
129,112
135,112
140,113
145,114
150,114
</s>
<s>
114,116
116,122
118,127
119,132
119,138
119,143
119,148
119,154
118,159
117,164
</s>
<s>
122,136
127,136
135,136
140,136
145,136
152,137
157,137
161,141
162,148
163,153
163,158
163,163
163,168
163,173
165,179
166,184
</s>