<s>
66,34
66,39
66,44
66,49
65,54
65,59
64,64
63,69
63,74
62,79
62,84
61,89
</s>
<s>
64,29
69,29
75,29
81,29
87,29
93,29
98,29
103,29
108,29
114,29
119,30
124,31
129,32
133,35
133,40
132,46
131,52
129,57
129,62
128,68
127,73
126,78
125,83
125,88
</s>
<s>
72,49
77,50
82,51
87,51
92,51
97,51
102,52
107,54
</s>
<s>
74,73
79,73
84,73
89,73
95,73
100,73
105,73
110,73
116,73
</s>
<s>
64,91
69,91
74,91
85,91
91,91
98,91
103,91
108,91
114,92
119,92
124,92
</s>
<s>
34,92
34,97
34,103
34,109
32,118
39,120
45,120
53,120
61,120
69,120
77,120
83,120
87,123
87,128
87,133
87,138
85,144
85,152
85,160
85,165
84,170
84,175
</s>
<s>
18,141
23,141
28,141
34,141
40,139
49,137
54,137
59,136
64,135
69,135
</s>
<s>
51,138
49,143
46,147
43,152
39,156
35,160
32,164
28,167
25,171
</s>
<s>
157,91
157,97
156,103
155,109
154,114
</s>
<s>
115,120
120,120
126,120
132,122
138,122
146,124
152,124
159,125
164,125
169,125
</s>
<s>
116,123
117,128
117,133
117,139
117,144
117,150
117,155
117,160
117,165
</s>
<s>
120,142
127,142
135,142
146,142
156,142
164,142
172,142
178,142
181,149
178,158
176,164
175,169
174,174
</s>