<s>
66,28
67,34
68,39
68,44
68,50
68,56
68,61
68,67
68,72
</s>
<s>
69,25
74,24
79,24
84,24
87,28
87,34
87,39
87,44
87,49
87,54
87,60
87,65
87,70
</s>
<s>
69,46
74,46
79,46
</s>
<s>
71,59
76,58
</s>
<s>
72,70
78,70
83,70
</s>
<s>
48,76
49,82
49,87
53,91
59,91
65,90
70,90
75,90
76,97
76,103
76,110
76,118
74,129
74,134
</s>
<s>
46,102
52,102
57,102
62,101
</s>
<s>
52,104
52,109
52,116
51,122
50,127
</s>
<s>
92,78
94,83
94,88
94,95
94,102
92,108
90,114
88,119
</s>
<s>
109,72
109,77
109,82
108,87
</s>
<s>
95,88
101,88
106,88
111,88
116,88
</s>
<s>
94,95
100,95
106,95
112,95
118,95
119,101
119,106
119,111
119,117
119,123
120,128
</s>