<s>
68,18
69,23
69,28
70,34
70,39
70,45
70,50
70,56
70,61
</s>
<s>
73,16
80,16
85,15
91,15
96,14
99,19
99,26
99,40
99,48
99,55
99,60
</s>
<s>
75,34
80,34
85,34
90,33
</s>
<s>
59,46
65,46
70,46
75,46
80,46
85,46
</s>
<s>
80,60
86,60
92,59
97,59
102,58
</s>
<s>
44,77
48,80
48,85
55,84
61,83
67,81
75,81
81,81
86,81
85,88
85,93
84,98
84,104
84,111
84,119
84,125
84,130
84,135
</s>
<s>
51,97
58,96
63,95
68,95
73,94
</s>
<s>
73,94
72,99
71,104
70,109
68,115
64,121
60,124
</s>
<s>
106,70
106,75
106,82
106,87
106,93
106,98
105,103
104,108
102,114
98,117
</s>
<s>
121,66
121,71
121,76
</s>
<s>
107,85
112,85
118,85
125,85
133,85
141,83
146,83
</s>
<s>
111,95
117,94
123,93
128,93
129,99
129,105
129,113
129,121
129,131
131,143
133,149
</s>