<s>
59,37
61,42
61,48
61,53
61,58
60,63
57,68
54,72
51,76
48,80
</s>
<s>
65,39
70,37
75,36
80,34
85,33
90,32
95,31
96,36
95,41
93,46
92,51
91,56
91,61
91,66
95,69
100,70
105,71
111,72
118,73
124,73
</s>
<s>
38,103
43,103
50,103
56,103
62,102
68,101
75,101
81,101
86,101
91,101
96,100
103,100
109,100
114,100
119,100
124,100
129,100
</s>
<s>
79,83
79,89
78,95
78,100
78,106
78,111
78,116
78,123
78,128
78,133
78,138
78,143
78,148
</s>
<s>
71,106
68,110
64,114
59,118
55,121
51,125
45,128
39,131
34,133
29,135
24,135
</s>
<s>
87,107
90,111
94,115
99,118
105,121
111,123
117,126
123,129
130,130
135,131
140,132
145,132
</s>