<s>
68,25
70,30
72,37
73,42
73,47
73,52
70,56
68,62
64,67
</s>
<s>
71,26
76,24
82,23
87,23
93,23
98,24
98,29
98,34
98,39
98,45
98,50
98,56
99,61
102,65
108,66
113,66
118,65
</s>
<s>
41,84
46,85
51,85
57,85
64,85
72,85
82,85
92,85
102,85
112,85
122,85
132,85
142,85
150,85
156,85
</s>
<s>
85,70
88,75
88,82
88,87
88,92
88,97
89,102
89,108
89,113
89,118
89,123
89,128
</s>
<s>
80,88
80,94
77,98
73,102
69,105
66,109
62,112
57,115
</s>
<s>
90,89
94,92
97,96
103,102
107,106
115,112
120,115
126,118
130,121
136,123
</s>