<s>
60,33
61,39
62,45
62,50
62,55
61,60
59,65
55,69
51,72
</s>
<s>
61,30
66,31
72,31
77,31
82,31
88,31
93,32
98,32
97,37
94,43
93,48
93,53
93,58
93,63
97,66
102,66
108,66
113,66
118,66
</s>
<s>
39,92
44,92
49,92
56,92
70,92
77,92
89,94
96,94
102,94
108,94
113,94
118,94
125,94
132,95
137,95
</s>
<s>
75,74
78,79
78,85
79,91
79,96
80,103
80,108
80,114
80,119
80,124
80,129
79,134
</s>
<s>
78,95
75,100
71,104
66,108
62,113
58,117
54,121
49,123
45,126
</s>
<s>
81,94
84,98
88,101
93,105
96,109
100,112
104,115
109,118
113,121
118,123
123,125
130,128
135,130
141,133
</s>