<s>
60,40
63,44
63,50
63,56
63,61
60,66
57,71
54,75
50,78
</s>
<s>
62,40
68,39
73,38
78,38
83,38
88,38
93,38
95,44
93,49
92,54
92,59
92,64
95,68
100,71
106,72
111,72
116,72
121,72
</s>
<s>
43,95
49,95
54,95
61,95
68,95
75,95
82,95
94,97
99,98
104,98
110,99
115,100
120,100
</s>
<s>
72,75
74,80
74,85
74,91
74,96
74,102
74,108
74,114
74,120
73,125
72,130
72,135
</s>
<s>
67,102
64,106
60,109
56,113
52,117
48,120
44,123
</s>
<s>
75,101
80,103
84,106
89,109
94,111
98,114
104,116
109,118
115,120
121,122
127,123
132,125
137,126
</s>