<s>
64,38
67,43
68,49
68,54
68,59
67,64
64,68
61,72
58,76
54,79
</s>
<s>
64,34
69,34
75,34
80,34
85,34
90,34
91,40
90,45
90,51
89,57
89,62
89,67
91,72
96,75
102,77
108,77
113,77
</s>
<s>
42,95
47,95
54,95
60,95
68,95
76,95
82,95
87,95
92,95
97,95
103,95
108,95
114,95
119,95
</s>
<s>
73,78
76,82
76,88
76,93
76,99
76,104
76,109
76,114
76,120
76,126
76,131
76,136
</s>
<s>
73,99
67,103
62,107
57,111
52,115
48,118
43,121
</s>
<s>
79,100
85,103
90,108
94,111
100,115
106,119
112,123
118,127
123,130
129,134
135,136
141,138
147,142
153,143
158,144
163,145
</s>