<s>
53,33
55,38
56,43
56,48
56,54
56,59
53,64
49,68
45,71
</s>
<s>
57,34
65,32
72,32
79,32
85,32
90,32
92,37
92,42
91,47
88,53
86,59
86,64
85,69
86,74
91,78
97,78
104,78
111,78
116,78
</s>
<s>
31,98
38,98
44,98
52,98
62,98
76,98
86,98
96,98
110,98
118,98
125,98
131,98
</s>
<s>
68,82
69,87
69,92
69,98
69,104
69,109
69,114
69,120
69,125
69,131
69,136
69,142
69,147
</s>
<s>
69,105
64,108
61,112
57,115
53,120
49,123
45,126
40,127
35,129
</s>
<s>
71,104
77,108
82,110
86,113
92,117
98,119
103,121
109,123
115,125
120,126
125,127
130,127
</s>