<s>
66,32
66,37
66,42
67,48
67,53
67,58
65,63
62,67
59,71
55,74
</s>
<s>
72,33
77,33
82,33
87,33
92,33
97,33
102,33
103,38
100,44
99,50
98,55
97,60
100,64
105,64
111,64
117,64
123,64
129,64
</s>
<s>
54,92
61,92
71,92
79,92
89,92
99,92
109,94
117,94
123,94
128,94
</s>
<s>
80,73
81,79
82,84
83,90
83,95
84,101
86,112
86,118
87,123
87,129
87,134
87,139
</s>
<s>
79,93
76,98
73,102
68,106
59,112
55,115
51,118
45,121
</s>
<s>
89,97
90,103
94,109
98,113
106,119
112,125
120,129
126,133
132,137
138,141
148,147
154,149
</s>