<s>
61,32
65,36
68,41
69,46
69,51
69,56
67,61
64,66
61,70
58,74
55,78
</s>
<s>
66,32
71,30
76,30
82,30
88,30
93,30
98,30
99,36
99,41
98,46
97,51
97,56
97,61
101,64
107,65
112,65
117,65
122,65
</s>
<s>
48,96
53,96
61,95
68,95
75,95
86,97
92,97
97,98
102,98
107,98
113,98
119,98
125,98
131,98
137,98
142,98
</s>
<s>
86,73
88,78
88,84
88,89
88,94
88,100
88,105
88,110
88,116
89,121
89,126
89,131
89,137
88,142
</s>
<s>
86,98
82,101
79,105
75,109
71,113
67,116
62,119
57,121
52,123
</s>
<s>
89,101
92,105
97,110
101,113
106,115
111,117
117,118
122,120
127,121
132,123
139,125
144,126
150,128
</s>