<s>
54,32
57,36
57,42
57,47
57,52
55,57
53,62
49,65
45,69
41,72
37,76
</s>
<s>
57,31
63,31
68,31
73,31
78,31
83,32
89,33
92,37
92,43
91,49
90,54
90,59
90,65
90,70
95,71
101,72
107,72
112,72
118,71
</s>
<s>
27,95
32,95
39,95
45,95
53,93
67,93
75,93
82,93
90,93
97,93
104,93
110,93
115,93
121,94
126,94
131,94
</s>
<s>
71,76
72,81
73,87
73,92
73,97
74,102
74,108
74,114
74,120
74,125
75,130
</s>
<s>
71,96
67,100
64,105
60,108
53,114
47,118
39,123
33,127
29,130
24,131
</s>
<s>
74,98
79,99
83,102
88,107
97,112
107,118
113,120
119,122
124,124
129,124
134,125
139,126
144,126
149,126
</s>