<s>
71,43
71,48
71,54
71,59
70,64
68,69
65,74
63,79
59,83
</s>
<s>
73,43
78,43
83,43
88,43
93,43
94,48
94,54
94,59
94,64
94,69
98,73
104,73
111,73
116,73
121,73
</s>
<s>
49,107
54,107
61,106
67,106
73,106
81,106
88,106
96,106
102,106
107,106
112,105
</s>
<s>
79,84
79,90
80,97
80,104
80,109
80,114
80,119
80,125
80,131
80,136
80,142
80,147
80,152
80,157
</s>
<s>
75,110
74,115
70,119
65,123
60,126
56,129
52,132
47,134
42,135
37,136
</s>
<s>
84,112
89,113
93,117
97,120
101,123
109,128
116,132
122,134
129,136
135,138
140,139
147,140
152,140
</s>