<s>
65,37
66,42
66,48
66,53
66,58
66,63
63,68
60,72
57,76
54,80
</s>
<s>
67,39
72,39
77,39
82,38
87,38
92,38
97,38
99,43
98,48
96,54
95,59
95,64
98,69
103,72
108,74
114,74
119,74
</s>
<s>
43,96
48,96
53,96
59,96
66,96
73,96
81,98
92,100
98,100
104,100
110,100
115,100
120,100
125,100
130,100
</s>
<s>
78,81
78,87
79,92
80,97
80,102
80,107
80,113
80,118
80,123
81,128
82,133
82,138
82,143
</s>
<s>
77,102
74,107
70,110
64,113
59,117
54,120
49,123
44,127
39,128
34,130
</s>
<s>
83,102
86,106
91,111
95,114
101,118
109,124
118,129
122,132
127,134
133,138
138,139
144,143
149,144
154,145
</s>