<s>
62,42
63,47
63,53
63,58
62,63
61,68
58,72
55,77
52,81
</s>
<s>
66,41
71,41
76,40
82,40
85,44
85,49
85,54
85,60
85,65
85,70
90,73
96,73
101,73
107,73
112,73
</s>
<s>
42,101
48,100
54,100
60,100
67,100
74,100
80,101
86,101
91,101
96,101
101,101
106,101
111,101
116,101
</s>
<s>
75,82
75,87
75,92
75,97
75,102
75,108
75,114
75,120
75,126
74,132
74,137
73,142
72,147
</s>
<s>
71,103
68,108
64,112
60,116
56,120
52,123
47,126
43,129
37,132
</s>
<s>
78,105
80,110
83,114
87,117
92,120
96,123
102,125
108,127
114,129
120,131
125,132
131,134
</s>