<s>
62,29
65,33
65,39
65,45
65,50
64,55
62,61
58,65
54,70
</s>
<s>
66,28
71,28
76,28
81,27
87,27
92,27
97,27
103,27
107,30
107,36
107,41
107,46
107,51
107,56
107,61
110,65
115,67
121,67
127,68
132,68
</s>
<s>
45,93
50,94
57,94
64,95
72,95
80,95
88,95
95,95
101,95
106,95
111,95
116,95
122,94
127,94
132,94
</s>
<s>
80,71
83,76
84,81
84,86
84,92
84,97
84,102
84,107
84,113
84,119
84,124
84,130
84,136
84,142
84,147
</s>
<s>
78,99
77,104
73,107
68,111
64,114
59,116
54,119
49,122
44,123
</s>
<s>
90,103
95,107
100,110
105,112
110,114
116,118
121,120
127,123
134,125
139,127
144,128
149,129
</s>