<s>
63,40
65,45
67,50
67,55
67,60
67,65
65,70
61,74
58,78
</s>
<s>
66,38
71,37
76,36
81,36
87,36
92,36
97,36
96,41
94,46
93,52
93,57
93,62
95,67
100,70
105,70
110,70
115,68
</s>
<s>
48,97
53,97
58,96
64,96
72,96
79,96
87,96
94,96
99,96
105,96
111,95
116,95
122,94
127,93
</s>
<s>
80,76
81,81
81,86
82,91
82,97
82,102
83,107
83,113
83,120
83,126
83,131
83,136
</s>
<s>
81,103
77,106
72,109
67,112
63,116
59,119
</s>
<s>
84,103
93,110
97,113
101,119
107,123
115,127
121,131
127,135
138,138
144,139
150,140
</s>