<s>
57,31
61,34
61,40
61,45
59,50
58,55
55,60
53,66
50,71
46,75
</s>
<s>
57,31
62,31
68,31
74,31
79,31
84,31
89,31
94,31
96,36
96,42
95,48
95,54
95,59
96,64
97,69
101,72
107,72
113,72
119,72
</s>
<s>
41,99
47,100
53,100
60,101
68,103
80,105
92,107
99,107
105,108
111,108
116,108
121,108
126,108
131,108
</s>
<s>
81,87
80,92
80,97
79,102
79,107
79,112
79,117
79,122
79,128
79,133
78,139
78,144
</s>
<s>
76,109
72,112
67,116
63,119
60,123
55,128
51,132
</s>
<s>
81,107
85,111
89,115
97,120
103,124
109,128
115,132
123,136
129,140
137,144
143,146
149,150
155,151
161,153
166,154
</s>