<s>
68,39
69,44
69,49
69,54
69,60
69,65
66,70
62,76
59,80
55,83
</s>
<s>
69,38
74,38
79,38
87,37
92,36
98,36
101,40
101,46
101,52
99,57
98,62
98,67
101,71
108,72
114,72
122,72
128,72
134,72
</s>
<s>
48,101
56,101
63,101
71,101
81,101
89,101
103,101
110,101
116,101
121,101
126,100
131,99
</s>
<s>
83,81
83,87
83,93
82,100
82,107
82,114
82,119
82,126
82,132
82,137
82,142
</s>
<s>
77,104
72,108
68,112
62,116
58,119
54,122
50,125
46,129
41,132
</s>
<s>
86,104
92,107
98,111
108,117
118,123
124,127
132,129
145,134
153,136
164,139
170,141
176,142
</s>