<s>
73,31
73,36
74,41
76,46
76,51
76,57
76,62
75,67
72,72
70,77
</s>
<s>
76,31
82,31
88,31
93,31
98,31
104,31
109,31
108,36
106,41
105,47
104,52
103,57
103,62
106,67
111,68
118,70
123,71
129,71
</s>
<s>
55,94
61,94
67,94
72,94
78,94
83,95
88,95
93,96
98,96
103,96
108,96
114,96
120,97
126,97
131,97
</s>
<s>
87,73
88,78
88,84
88,90
88,95
88,101
88,106
88,111
88,116
88,122
88,127
88,133
88,138
88,143
</s>
<s>
86,100
82,103
77,107
74,111
69,113
63,116
58,118
53,119
48,120
43,121
</s>
<s>
91,102
93,107
96,112
99,116
104,119
109,121
115,125
125,128
131,132
137,134
143,138
151,140
162,145
167,146
</s>