
65,29<s>
65,29
67,35
68,40
68,45
68,50
68,56
66,61
64,66
61,70
</s>
<s>
69,30
74,29
79,29
84,29
90,29
96,29
100,32
100,37
99,42
99,47
97,52
97,57
100,62
106,62
112,62
118,63
</s>
<s>
43,88
48,88
53,89
60,89
71,91
78,91
85,92
90,92
96,92
102,92
107,92
113,92
119,93
125,93
130,94
</s>
<s>
84,67
85,72
85,77
86,82
86,89
87,96
87,101
87,107
86,112
85,118
85,123
84,129
</s>
<s>
78,96
75,100
72,104
68,108
64,112
60,115
55,118
</s>
<s>
91,98
95,101
99,105
104,110
108,113
114,116
120,119
125,121
131,123
138,126
143,127
148,129
</s>