<s>
70,39
72,44
72,50
72,55
72,60
71,65
69,70
65,74
</s>
<s>
74,38
79,38
85,38
91,38
97,38
102,38
104,44
104,49
104,55
104,61
106,66
109,71
113,74
118,75
124,75
129,75
134,74
139,73
</s>
<s>
51,99
56,99
61,99
69,99
77,97
85,97
92,97
98,97
104,97
109,97
115,97
120,97
125,97
</s>
<s>
91,79
92,85
92,91
93,97
94,103
95,109
95,114
96,120
96,125
96,130
96,136
</s>
<s>
92,102
88,105
84,108
79,113
74,116
69,118
64,120
59,121
53,123
</s>
<s>
97,102
101,105
110,112
114,116
123,121
128,124
134,126
139,128
144,130
150,133
155,134
160,135
165,136
170,136
</s>