<s>
60,27
61,32
61,37
61,42
60,47
59,52
57,57
53,62
49,66
45,70
</s>
<s>
62,29
68,28
74,26
79,26
84,25
90,25
95,25
96,30
96,35
96,41
96,46
95,52
95,57
98,61
102,64
108,65
114,65
119,65
124,64
</s>
<s>
41,91
47,91
52,91
58,90
65,90
72,90
80,90
87,90
94,90
99,90
105,90
110,90
115,90
</s>
<s>
72,68
72,74
72,79
72,86
72,92
73,97
73,104
74,109
75,115
75,120
75,125
76,130
</s>
<s>
70,93
65,96
61,99
57,102
54,106
50,109
45,112
39,115
34,118
30,121
</s>
<s>
79,90
82,95
85,99
89,103
93,106
98,109
104,112
111,115
119,120
127,122
135,126
143,130
150,131
158,133
163,134
168,134
</s>