<s>
56,38
56,44
56,49
56,55
55,60
52,65
50,70
47,74
43,78
39,81
</s>
<s>
57,37
62,37
67,37
72,37
78,37
83,37
86,42
85,47
84,52
82,57
82,62
82,67
81,72
86,73
91,73
97,73
102,73
</s>
<s>
36,100
43,100
49,100
55,100
63,100
70,100
77,101
83,102
88,102
93,103
99,103
104,103
109,103
114,103
</s>
<s>
67,84
70,89
71,95
71,101
71,107
71,112
71,117
71,122
71,127
71,132
71,137
71,142
70,147
69,152
</s>
<s>
64,102
63,107
60,112
56,116
52,120
47,124
42,127
38,130
33,132
</s>
<s>
78,105
83,109
91,115
95,119
99,123
103,126
109,128
115,130
120,132
125,133
132,135
137,136
143,137
148,137
</s>