<s>
67,81
73,79
78,78
84,78
89,76
94,76
101,76
107,75
112,75
117,75
122,75
127,75
</s>
<s>
96,44
97,51
99,58
100,63
100,69
100,75
100,80
100,85
100,90
100,95
100,101
100,107
100,112
</s>
<s>
39,121
44,121
50,119
57,117
62,117
69,116
75,116
80,115
85,114
90,113
95,112
100,111
106,111
112,111
123,111
128,111
133,111
138,111
143,111
148,111
</s>
<s>
99,115
96,119
93,123
91,128
85,135
82,139
78,144
75,148
76,153
81,153
91,153
103,153
108,153
113,153
118,152
112,138
</s>
<s>
112,138
118,147
123,154
130,163
133,168
</s>