<s>
43,56
49,57
59,60
71,60
82,60
92,57
100,55
103,59
95,69
88,74
81,79
76,84
82,85
88,87
92,91
98,93
104,95
105,101
101,111
96,117
90,124
85,129
80,130
77,125
</s>
<s>
62,82
62,87
62,98
62,109
62,121
62,133
62,141
62,151
62,161
60,169
60,174
59,179
59,184
106,86
</s>
<s>
106,86
107,92
107,98
109,106
109,118
110,127
110,133
</s>
<s>
109,83
114,83
126,81
136,81
144,79
148,84
148,93
150,106
152,117
152,122
152,128
152,134
</s>
<s>
114,105
123,107
133,107
138,107
</s>
<s>
116,144
122,144
132,144
137,144
</s>