<s>
50,63
57,63
63,63
69,63
74,62
80,61
85,60
90,59
95,59
101,58
106,58
111,58
116,58
122,58
127,58
132,58
137,58
142,58
141,63
136,65
</s>
<s>
69,80
73,83
76,87
</s>
<s>
67,94
71,97
74,101
77,105
</s>
<s>
52,122
58,122
65,122
75,119
81,118
87,117
92,117
98,117
106,115
112,114
117,113
122,113
127,113
</s>
<s>
97,70
97,75
97,80
97,86
97,91
97,97
96,102
94,107
93,113
90,119
89,124
87,129
84,133
82,138
78,142
74,146
69,150
65,153
61,156
56,159
</s>
<s>
94,132
99,134
103,137
108,140
114,146
118,149
121,153
124,157
</s>