<s>
48,66
53,66
61,66
71,66
83,66
89,66
94,66
100,65
105,65
110,65
118,63
128,61
137,61
143,60
148,60
153,60
158,60
154,63
150,67
143,72
139,75
58,87
</s>
<s>
58,87
63,91
70,96
79,99
86,102
61,114
</s>
<s>
61,114
70,117
77,120
82,122
</s>
<s>
41,141
46,141
63,141
80,141
97,141
109,141
114,141
119,141
125,141
130,141
135,141
141,140
</s>
<s>
89,76
91,81
92,86
92,93
92,98
92,104
91,110
89,117
88,122
85,131
83,136
81,141
80,146
77,150
75,155
71,159
66,165
61,168
56,170
109,161
</s>
<s>
109,161
121,166
127,170
137,174
142,175
</s>