<s>
41,62
47,62
54,60
62,58
68,58
73,57
79,57
85,57
90,56
96,56
103,56
108,56
114,56
119,56
124,56
129,56
134,56
139,56
143,59
139,63
133,66
62,79
</s>
<s>
62,79
67,84
73,89
77,92
</s>
<s>
55,104
64,107
69,109
</s>
<s>
45,133
54,130
64,128
77,126
87,124
95,120
104,118
114,118
120,117
126,115
132,114
137,114
</s>
<s>
99,71
99,76
100,82
100,87
100,92
99,98
98,104
97,109
95,114
93,120
91,125
88,130
85,134
81,138
78,142
72,151
67,156
63,161
60,165
56,169
</s>
<s>
104,144
110,149
114,153
122,157
131,162
</s>