<s>
50,66
57,67
63,66
68,65
74,63
80,62
85,62
91,62
98,62
105,62
110,62
116,62
121,62
126,62
131,62
137,62
142,62
147,62
146,67
142,71
137,74
133,77
</s>
<s>
63,84
68,89
75,91
79,94
83,98
59,111
</s>
<s>
59,111
68,115
73,117
78,120
</s>
<s>
43,139
54,139
59,139
64,139
69,139
74,138
79,138
85,137
91,136
96,136
101,136
107,136
112,136
117,136
122,136
128,136
134,136
</s>
<s>
95,88
95,93
96,99
96,105
96,110
95,115
94,121
93,126
91,131
89,136
86,141
84,146
81,150
78,154
74,159
71,163
65,169
60,171
118,157
</s>
<s>
118,157
121,161
125,165
130,170
135,175
</s>