<s>
47,50
47,55
46,61
43,66
41,71
38,75
35,80
32,85
28,88
24,92
</s>
<s>
26,64
31,66
35,70
40,72
43,76
45,81
46,86
46,91
47,97
47,103
47,109
47,115
47,120
46,125
44,130
43,125
</s>
<s>
43,84
41,89
39,94
36,99
33,104
30,108
27,112
23,116
</s>
<s>
60,80
65,79
71,79
79,77
86,77
92,77
98,77
103,76
108,76
114,76
119,75
125,75
</s>
<s>
80,53
81,58
82,64
82,69
82,76
82,81
82,87
81,93
79,99
78,104
75,110
72,115
68,119
63,122
</s>
<s>
91,78
91,83
91,89
91,95
91,101
91,106
91,111
93,116
96,121
100,124
105,125
113,127
118,128
124,129
130,129
135,130
140,129
139,122
</s>
<s>
100,40
102,46
</s>