<s>
54,50
54,55
52,61
48,67
45,72
42,76
38,81
34,85
30,89
25,93
</s>
<s>
23,60
28,60
32,63
37,65
41,68
45,71
48,75
52,79
55,84
58,90
59,95
61,100
61,105
61,110
61,115
61,120
61,125
56,125
53,121
51,116
</s>
<s>
48,85
48,90
48,95
46,101
44,106
40,110
</s>
<s>
70,76
76,76
82,76
90,74
102,72
116,70
130,68
136,68
142,67
</s>
<s>
96,55
99,61
100,67
101,73
101,79
101,85
101,90
101,96
99,102
96,108
92,114
89,118
86,122
</s>
<s>
111,73
111,78
111,83
112,88
113,94
115,99
116,104
118,109
120,114
122,119
126,122
131,124
137,124
143,125
148,125
153,126
158,126
162,123
162,117
160,109
</s>
<s>
113,38
117,42
123,50
127,56
131,62
137,68
</s>