<s>
41,48
43,53
43,59
43,65
43,70
41,76
39,81
37,86
33,91
30,95
27,99
23,103
</s>
<s>
23,77
28,77
33,80
37,84
41,88
44,92
48,96
51,102
53,107
54,113
56,119
56,125
56,130
56,136
54,141
52,146
48,149
47,143
</s>
<s>
49,98
49,103
46,108
43,112
40,116
37,120
33,124
28,127
23,129
</s>
<s>
67,92
72,90
79,87
84,86
90,84
95,83
101,82
106,81
111,81
116,79
121,78
126,77
</s>
<s>
95,62
95,67
95,72
95,78
95,84
95,91
95,97
94,103
92,108
89,113
86,118
83,122
79,125
75,128
70,130
</s>
<s>
103,82
103,88
103,93
103,99
103,105
103,110
103,115
103,120
104,125
106,130
109,134
114,138
120,139
125,139
130,139
135,140
140,140
141,134
</s>
<s>
113,56
117,59
120,63
</s>