<s>
49,66
49,71
47,77
45,83
42,88
39,92
36,96
32,100
28,103
23,106
18,109
</s>
<s>
25,76
30,78
35,81
41,84
46,87
51,91
55,95
59,99
62,103
64,108
65,114
65,120
65,125
65,130
63,135
61,140
59,145
55,141
</s>
<s>
53,96
53,101
51,106
50,111
48,116
45,120
42,124
38,127
35,131
</s>
<s>
73,90
78,90
84,90
90,90
96,89
101,88
106,88
111,87
</s>
<s>
92,68
92,73
92,78
91,84
90,90
89,95
89,101
88,106
86,111
84,117
82,122
78,126
75,130
</s>
<s>
98,89
98,94
98,100
98,106
98,111
98,116
98,122
101,127
105,131
110,133
115,134
121,135
127,136
133,136
138,136
142,132
</s>
<s>
102,60
106,65
110,69
</s>