<s>
57,50
57,55
56,60
54,65
53,70
50,75
47,79
43,82
39,85
</s>
<s>
37,67
42,67
48,69
52,73
55,77
58,82
61,86
63,91
65,97
66,103
66,109
66,114
64,120
62,125
58,128
</s>
<s>
55,88
57,93
54,99
50,103
45,107
40,110
36,113
</s>
<s>
76,77
82,76
89,75
100,73
106,73
112,72
119,72
124,72
129,70
135,69
</s>
<s>
105,52
105,58
105,64
105,69
104,75
103,80
100,86
98,91
96,96
93,101
91,106
89,111
86,115
82,119
79,123
</s>
<s>
108,75
109,80
110,86
110,91
110,97
110,103
110,108
110,113
110,118
111,123
116,125
122,125
127,126
138,128
144,129
149,129
153,126
153,119
</s>
<s>
117,49
118,54
</s>