<s>
66,52
65,57
64,63
62,69
57,78
53,84
50,89
46,94
43,98
39,102
34,104
</s>
<s>
30,76
35,76
40,78
45,81
49,84
53,88
56,92
59,98
62,103
64,108
66,113
68,118
69,124
69,130
69,135
67,140
64,146
61,150
60,144
</s>
<s>
56,96
57,101
57,107
55,112
53,117
49,121
44,129
40,133
35,137
</s>
<s>
77,91
82,90
93,88
101,88
111,88
121,88
131,88
138,87
143,87
</s>
<s>
106,67
106,72
106,78
106,83
106,90
106,97
106,102
105,107
104,112
101,118
99,123
96,127
93,132
90,136
85,138
80,140
</s>
<s>
118,90
118,95
119,100
120,105
120,110
121,115
121,120
121,125
122,131
125,135
130,136
135,137
142,138
147,139
152,138
154,132
</s>
<s>
124,55
128,59
131,64
134,68
</s>