<s>
58,62
55,66
52,70
49,75
46,80
43,84
39,87
35,91
30,93
26,96
</s>
<s>
37,64
41,67
45,71
49,74
52,78
54,83
56,88
58,94
59,99
60,105
61,111
61,117
61,122
60,127
59,132
55,128
</s>
<s>
55,84
54,89
51,94
48,99
45,103
42,107
39,111
</s>
<s>
75,83
80,83
85,83
91,83
98,83
103,83
109,83
114,83
119,83
124,82
</s>
<s>
95,61
95,66
95,71
94,77
93,84
93,89
92,94
91,100
89,105
87,110
86,115
83,119
80,123
</s>
<s>
103,84
103,90
103,96
103,102
102,108
101,113
101,118
101,124
102,129
108,131
114,131
120,131
125,131
130,131
136,131
141,131
143,125
139,119
</s>
<s>
102,42
103,47
105,52
108,56
111,60
114,64
</s>