<s>
45,49
45,55
43,61
40,67
38,72
35,76
31,81
27,87
24,91
20,94
</s>
<s>
27,62
31,65
35,68
39,72
42,77
46,80
49,84
51,90
53,95
54,101
54,107
54,112
54,118
53,123
51,128
47,131
45,125
</s>
<s>
47,84
47,89
44,94
40,99
36,103
31,108
26,112
22,115
</s>
<s>
65,74
70,73
75,72
82,71
89,70
95,69
102,69
108,68
113,67
118,67
123,66
</s>
<s>
87,47
87,52
87,57
88,63
89,68
90,73
90,78
90,83
90,88
90,93
89,98
87,103
84,108
81,112
78,116
74,119
</s>
<s>
104,68
104,73
104,79
103,86
102,92
101,98
101,103
101,108
102,113
107,113
113,114
120,115
126,116
131,116
136,116
141,115
140,109
</s>
<s>
102,42
105,46
107,51
</s>