<s>
51,45
51,50
51,55
49,60
47,66
44,70
41,74
38,78
34,82
30,86
</s>
<s>
31,64
36,65
40,68
43,72
46,76
50,80
52,85
54,90
56,95
56,100
57,106
57,111
56,116
55,121
52,125
49,120
</s>
<s>
49,83
46,88
44,93
41,97
37,102
34,106
29,109
</s>
<s>
67,73
74,73
80,72
88,70
96,70
102,69
107,69
112,69
117,69
122,69
</s>
<s>
86,48
86,53
86,58
86,64
86,69
86,74
86,79
84,85
83,90
80,96
77,101
72,105
66,108
</s>
<s>
95,75
95,81
95,87
95,92
95,98
95,103
95,109
95,115
97,120
100,124
105,124
110,124
115,124
121,124
128,124
134,124
139,124
145,124
146,119
146,114
145,109
143,103
141,98
</s>
<s>
102,39
105,44
108,49
111,53
</s>