<s>
51,52
51,58
51,63
51,68
49,74
47,80
45,85
42,89
40,94
36,99
33,103
29,107
25,110
</s>
<s>
29,75
35,77
41,80
45,84
49,88
53,92
57,97
60,103
62,109
63,115
63,120
64,125
64,130
64,135
63,140
61,146
59,151
53,143
49,137
</s>
<s>
52,99
52,104
52,109
52,114
49,120
45,126
42,131
38,134
</s>
<s>
75,87
80,88
86,88
93,88
103,88
117,88
125,88
132,88
137,87
142,86
</s>
<s>
112,67
112,72
112,77
112,82
111,88
110,94
109,100
107,105
105,110
104,115
102,121
100,126
98,131
95,136
91,140
87,143
82,146
77,147
</s>
<s>
117,91
118,96
118,101
119,106
120,112
120,117
121,122
123,128
124,133
126,138
129,142
134,144
139,145
145,146
150,146
155,146
160,146
166,146
171,146
171,139
169,131
165,121
</s>
<s>
125,56
128,61
131,65
</s>