<s>
46,51
46,56
46,61
45,67
42,72
38,77
34,81
30,85
26,89
</s>
<s>
29,66
33,69
38,73
47,82
52,87
55,91
56,96
56,101
56,106
56,111
56,117
54,122
52,127
51,132
49,137
46,131
</s>
<s>
45,82
45,87
43,92
40,98
37,103
33,107
29,110
</s>
<s>
67,79
73,79
80,79
88,79
102,79
114,77
122,75
128,75
133,74
</s>
<s>
85,53
88,58
89,63
89,69
90,76
90,81
90,87
90,92
90,98
89,103
88,108
86,114
83,119
79,123
75,127
70,129
</s>
<s>
99,81
99,86
99,91
99,96
99,102
99,107
100,113
101,119
101,125
103,130
106,135
111,137
118,138
123,139
128,139
134,139
139,139
144,139
145,133
</s>
<s>
102,44
106,47
</s>