<s>
44,52
44,57
44,62
43,67
41,72
38,76
35,80
32,84
28,88
24,92
20,95
</s>
<s>
28,66
32,69
35,73
39,76
42,81
45,87
47,92
48,97
49,103
49,109
49,114
49,119
48,124
47,129
42,126
</s>
<s>
45,90
43,95
40,101
37,106
33,111
29,115
25,118
</s>
<s>
62,78
68,77
74,76
80,76
85,75
90,75
97,74
102,74
107,74
113,74
118,74
123,73
</s>
<s>
81,47
82,53
84,59
86,65
87,70
87,75
87,80
86,87
84,94
82,100
78,107
75,111
72,115
68,119
64,123
</s>
<s>
101,74
101,79
101,84
100,90
100,95
99,100
98,105
98,110
98,115
99,120
104,121
109,121
114,121
119,122
124,123
129,123
134,123
139,121
140,116
</s>
<s>
104,44
108,49
112,54
115,58
</s>