<s>
45,53
45,58
43,63
41,68
38,72
35,76
32,80
28,84
24,87
20,91
</s>
<s>
24,71
29,71
33,74
37,77
41,81
43,86
44,91
46,96
46,102
46,107
46,113
46,118
46,123
44,128
41,134
38,138
38,133
</s>
<s>
42,90
39,94
36,99
33,103
30,107
26,110
</s>
<s>
61,83
67,83
74,83
87,83
95,83
102,83
108,83
114,83
</s>
<s>
81,63
81,69
81,75
81,80
80,86
79,91
79,97
76,103
74,109
72,114
69,119
65,123
60,125
56,129
</s>
<s>
91,85
91,90
91,95
90,101
90,106
90,111
90,116
90,122
93,127
97,131
102,134
109,135
114,136
119,136
124,136
129,136
134,136
137,131
</s>
<s>
100,57
</s>