<s>
51,40
51,45
51,50
50,55
48,61
46,67
43,72
40,76
37,81
34,85
</s>
<s>
29,59
34,59
39,62
43,65
47,68
51,71
54,77
57,82
59,87
60,92
61,97
61,102
61,107
61,112
61,117
60,122
55,119
</s>
<s>
47,79
49,84
49,90
46,96
43,101
39,105
35,108
</s>
<s>
68,69
73,67
78,67
85,65
91,65
98,64
103,64
108,64
113,63
118,61
123,61
</s>
<s>
88,45
88,50
90,55
90,62
91,68
91,74
91,79
91,85
91,90
90,95
89,100
87,105
84,110
81,114
78,118
</s>
<s>
98,64
98,69
99,74
100,79
102,84
102,89
103,94
104,99
104,104
106,109
111,112
116,113
122,113
128,114
134,114
139,115
144,115
146,110
145,105
141,99
</s>
<s>
109,38
112,42
114,47
</s>