<s>
48,55
48,60
48,66
46,72
43,78
40,84
37,88
34,94
31,98
27,102
</s>
<s>
29,75
33,78
36,82
39,87
42,91
45,95
48,100
50,105
52,110
53,115
54,120
55,125
55,130
55,135
54,141
52,146
49,142
</s>
<s>
44,98
42,103
40,109
38,115
35,119
32,124
28,128
25,132
</s>
<s>
66,89
71,88
77,86
82,85
87,85
94,84
100,83
106,83
112,82
118,82
124,82
129,82
</s>
<s>
82,57
85,61
86,66
87,71
87,76
88,83
89,90
89,95
89,100
88,105
87,110
85,115
82,121
79,125
76,129
72,132
68,135
</s>
<s>
97,86
97,92
97,97
97,102
97,107
96,112
96,117
96,122
96,127
98,132
101,136
105,139
110,140
116,141
122,141
127,141
132,139
137,138
142,137
145,132
144,127
142,119
</s>
<s>
107,56
</s>