<s>
42,47
43,52
43,57
43,62
41,68
38,74
34,78
31,82
27,86
23,89
19,93
</s>
<s>
22,68
27,68
31,71
36,74
40,78
44,82
47,86
50,90
52,95
54,100
54,105
56,110
57,116
57,121
57,126
56,131
</s>
<s>
44,85
43,90
41,95
38,100
36,105
33,109
30,115
27,119
</s>
<s>
68,79
73,79
78,78
89,75
97,75
104,74
112,72
123,70
129,70
134,69
</s>
<s>
90,53
90,58
90,64
90,70
90,76
90,81
90,86
88,92
86,97
84,103
81,109
77,113
74,117
69,119
</s>
<s>
100,78
101,84
101,90
101,97
101,103
102,108
104,114
107,120
111,123
116,125
121,126
126,126
131,126
136,125
142,125
147,125
152,125
153,118
151,112
</s>
<s>
110,41
112,46
</s>