<s>
51,54
50,59
49,65
47,71
45,76
42,81
40,86
36,91
33,95
29,99
24,104
</s>
<s>
25,73
29,76
34,81
39,86
43,89
47,94
49,99
50,104
50,109
50,114
50,120
50,125
49,131
47,136
46,141
43,145
40,137
</s>
<s>
46,95
44,101
42,106
38,111
34,115
32,120
28,124
23,128
</s>
<s>
58,90
63,90
70,88
82,84
90,82
100,80
108,78
116,78
124,76
132,76
137,76
142,76
147,76
</s>
<s>
90,60
92,65
92,70
92,75
92,82
92,89
91,96
89,102
87,107
83,112
80,116
77,121
73,125
70,129
</s>
<s>
102,79
102,84
102,90
102,96
102,102
102,107
102,112
102,118
103,123
104,128
107,133
111,136
115,139
122,140
128,141
134,141
139,141
144,140
149,139
152,134
152,124
</s>
<s>
115,46
117,52
120,56
</s>