<s>
50,35
50,40
50,45
50,50
50,55
49,60
46,66
43,70
39,76
36,81
32,84
29,88
</s>
<s>
30,62
35,63
38,67
42,71
45,75
47,80
49,85
50,90
52,96
53,101
53,106
53,111
53,116
52,121
51,127
47,130
</s>
<s>
48,85
46,90
44,95
42,100
38,105
35,109
32,113
28,116
</s>
<s>
65,78
70,78
76,77
81,77
88,77
95,77
102,77
107,77
112,77
</s>
<s>
92,54
91,60
91,66
90,71
89,76
88,82
88,87
86,94
83,99
81,104
78,108
73,112
69,116
65,120
</s>
<s>
94,77
94,83
94,88
94,93
94,98
95,103
95,108
96,113
98,118
101,122
105,125
110,128
119,133
130,136
137,137
145,137
152,137
158,137
162,134
162,129
162,124
162,111
</s>
<s>
105,48
106,53
109,57
</s>