<s>
32,50
33,55
33,60
32,65
31,71
26,78
23,84
21,89
18,93
15,98
11,101
7,105
</s>
<s>
10,72
15,74
20,77
24,81
29,86
33,90
36,94
38,99
39,104
40,110
40,115
41,121
40,126
37,131
34,135
</s>
<s>
31,96
31,102
29,107
25,111
22,116
18,119
</s>
<s>
50,83
56,83
62,83
69,82
80,80
86,80
92,79
98,78
104,78
109,78
</s>
<s>
67,53
69,59
71,65
71,71
71,77
72,84
72,90
72,96
72,101
70,106
68,111
65,115
62,119
58,123
</s>
<s>
85,80
85,85
85,90
85,95
86,101
86,106
87,111
91,114
96,116
101,117
107,118
112,118
117,118
122,118
127,117
127,112
</s>
<s>
89,47
92,51
96,54
</s>