<s>
52,48
52,53
51,58
48,63
46,69
42,73
39,79
35,83
31,87
28,91
24,95
</s>
<s>
27,62
31,65
35,69
39,72
43,76
47,80
50,84
52,89
54,95
56,101
56,106
56,112
56,117
55,123
53,129
51,134
49,139
</s>
<s>
47,89
47,94
44,99
41,103
38,107
35,111
</s>
<s>
61,81
68,81
74,81
81,81
94,80
102,78
114,76
121,75
127,75
132,74
</s>
<s>
83,52
85,57
85,63
86,68
86,73
86,79
86,85
86,90
86,96
84,101
83,106
80,111
78,116
74,120
71,124
67,128
63,131
</s>
<s>
98,83
99,89
99,94
99,99
100,104
100,109
101,114
102,119
102,124
104,130
109,133
114,134
119,134
124,135
129,135
134,136
135,130
</s>
<s>
101,47
105,50
109,56
114,61
</s>