<s>
43,68
46,72
48,77
48,83
49,88
49,94
49,99
49,104
50,109
50,115
51,120
52,126
</s>
<s>
53,70
58,71
64,71
70,71
75,71
80,70
85,70
90,70
95,70
102,71
107,71
112,72
118,72
123,73
128,71
134,71
139,71
144,71
146,76
146,81
146,86
146,92
146,97
146,102
145,107
145,112
143,117
142,122
139,126
135,122
131,118
125,111
</s>
<s>
87,68
86,74
85,79
84,84
80,88
76,91
71,94
67,97
63,100
60,104
</s>
<s>
98,76
98,82
97,87
96,92
97,97
100,101
104,104
109,104
114,104
120,104
</s>
<s>
52,122
57,122
62,122
67,122
73,122
79,122
84,122
89,122
94,122
99,122
105,122
111,121
116,120
121,120
126,119
</s>