<s>
43,71
43,78
45,83
46,88
47,93
48,98
48,103
48,108
48,114
48,119
48,124
48,129
</s>
<s>
48,74
53,74
59,74
65,74
70,74
76,74
88,74
93,75
98,75
103,75
108,75
115,75
120,75
125,75
130,75
136,75
142,75
146,78
144,84
143,89
143,95
142,101
142,107
142,112
140,117
139,122
137,127
135,132
127,129
121,121
</s>
<s>
73,76
73,81
73,86
71,91
68,95
63,98
</s>
<s>
92,78
92,83
91,88
90,94
86,101
86,106
91,110
101,112
106,112
114,112
</s>
<s>
53,128
63,125
74,125
82,125
92,125
100,125
108,125
124,127
130,127
136,129
</s>