<s>
35,79
37,84
39,89
42,94
45,104
47,109
47,115
49,121
50,126
50,131
52,142
</s>
<s>
34,71
37,75
43,75
48,75
54,75
59,75
64,74
78,74
83,74
89,75
100,77
105,78
110,79
115,80
120,81
125,81
130,82
136,82
141,82
144,86
144,91
144,98
143,104
142,109
142,119
140,125
140,130
138,136
137,143
136,148
133,152
125,148
120,144
116,140
114,134
110,128
100,116
</s>
<s>
77,87
76,93
72,100
70,106
68,112
64,118
60,124
58,130
54,134
50,139
51,133
</s>
<s>
91,85
91,90
91,96
90,101
88,106
88,112
92,115
97,117
103,117
108,117
</s>
<s>
49,143
54,141
60,139
69,137
77,137
85,137
91,137
96,137
101,137
107,137
</s>