<s>
37,86
42,92
48,99
50,105
54,109
58,113
63,121
67,125
71,133
69,138
70,143
</s>
<s>
49,82
56,86
61,86
72,86
78,86
84,86
98,86
103,86
111,86
119,86
130,86
136,86
150,86
156,86
161,85
167,85
172,85
177,87
182,88
182,93
181,99
178,104
177,109
175,116
171,120
169,126
167,132
163,140
160,148
157,153
149,147
143,139
</s>
<s>
97,97
97,102
96,107
92,110
89,114
</s>
<s>
124,100
123,106
120,111
119,117
120,122
125,123
130,124
</s>
<s>
77,141
82,140
90,140
98,140
106,140
114,140
124,140
132,140
140,140
146,140
</s>