<s>
107,50
112,55
115,59
118,63
</s>
<s>
96,76
101,75
107,75
113,75
118,75
124,75
129,75
134,75
139,75
144,75
</s>
<s>
124,85
124,90
121,94
119,99
117,105
114,109
113,114
110,118
106,122
102,125
</s>
<s>
98,92
103,95
107,98
110,102
114,107
117,111
123,114
127,117
133,120
138,122
143,124
148,124
</s>
<s>
62,65
65,69
68,73
</s>
<s>
60,85
65,85
70,85
75,85
80,85
79,90
73,97
68,102
73,104
78,105
78,110
75,114
71,118
</s>
<s>
47,119
53,119
58,119
63,119
68,120
73,121
77,125
83,127
89,129
95,132
100,134
112,135
117,136
123,137
130,138
135,138
141,137
146,136
</s>