<s>
77,19
81,22
</s>
<s>
34,39
39,42
43,46
47,50
51,55
</s>
<s>
50,43
56,41
67,38
75,38
83,36
93,36
101,36
109,36
115,36
121,36
123,41
119,45
116,50
</s>
<s>
75,55
80,54
87,54
92,53
97,52
103,51
</s>
<s>
90,42
90,48
89,53
88,58
85,63
83,68
</s>
<s>
92,54
95,60
</s>
<s>
29,86
35,86
46,84
56,84
66,82
78,82
88,80
98,80
110,78
122,78
129,77
134,75
</s>
<s>
70,90
72,96
72,101
</s>
<s>
71,93
</s>
<s>
71,93
77,92
83,91
86,96
</s>
<s>
76,100
81,100
86,100
</s>
<s>
98,84
99,89
99,94
99,99
99,105
99,111
99,116
93,116
</s>