<s>
76,20
82,21
85,27
88,32
</s>
<s>
47,43
52,46
55,51
58,56
</s>
<s>
58,45
64,44
70,43
76,43
83,42
89,42
96,41
102,41
108,40
113,39
119,39
116,44
113,49
109,53
105,56
</s>
<s>
66,56
72,55
78,55
83,54
89,54
94,54
99,54
</s>
<s>
84,44
80,50
76,54
73,59
70,63
</s>
<s>
79,57
84,60
87,64
</s>
<s>
46,74
52,72
59,72
69,72
83,72
95,72
109,74
121,76
126,76
</s>
<s>
71,85
71,91
71,97
71,102
</s>
<s>
73,88
79,87
84,85
89,84
89,90
89,95
88,100
</s>
<s>
71,101
77,101
82,101
</s>
<s>
101,81
102,86
102,93
102,100
101,106
99,111
97,116
95,121
90,123
85,120
</s>