<s>
73,14
78,16
81,20
</s>
<s>
46,29
49,33
52,37
55,42
</s>
<s>
55,30
61,29
67,27
79,25
93,25
103,23
113,23
123,23
133,23
141,23
148,24
153,24
154,29
149,34
144,39
</s>
<s>
71,44
76,43
81,42
88,41
94,41
100,41
105,41
</s>
<s>
87,27
86,32
84,37
82,43
78,49
76,55
73,59
</s>
<s>
82,43
87,47
</s>
<s>
36,60
41,60
49,59
57,57
73,55
83,53
95,53
105,51
115,51
125,49
135,47
142,47
147,46
76,66
</s>
<s>
76,66
78,71
78,76
78,81
</s>
<s>
77,69
82,68
87,67
92,67
94,72
93,77
92,82
</s>
<s>
85,85
90,85
95,85
</s>
<s>
111,62
113,69
113,75
113,81
113,89
113,96
115,108
115,115
112,119
106,115
</s>