<s>
63,19
68,21
70,26
71,31
</s>
<s>
35,39
38,44
41,48
44,54
47,58
</s>
<s>
46,43
52,42
59,40
66,39
77,37
84,37
90,37
97,37
104,38
110,38
116,38
122,38
120,43
115,48
111,52
106,57
102,61
</s>
<s>
57,54
63,52
69,51
74,51
80,51
85,51
90,51
</s>
<s>
80,41
77,47
74,52
72,58
67,66
64,71
60,76
</s>
<s>
75,56
79,61
84,66
</s>
<s>
42,78
48,76
54,75
64,75
78,73
88,71
102,71
110,71
117,72
</s>
<s>
63,84
65,90
66,95
66,100
</s>
<s>
66,86
</s>
<s>
66,86
71,83
76,82
81,82
86,82
87,87
85,93
83,98
</s>
<s>
72,102
77,100
82,100
</s>
<s>
105,79
106,85
106,90
106,96
105,101
104,106
104,111
102,116
97,117
92,115
</s>