<s>
69,24
73,29
75,34
</s>
<s>
28,44
33,47
37,51
43,59
46,63
49,67
</s>
<s>
45,49
51,47
62,45
70,45
78,43
90,41
96,41
101,40
106,40
113,40
119,40
124,40
121,45
117,50
114,54
111,59
</s>
<s>
66,59
72,58
77,57
83,57
88,56
93,56
</s>
<s>
80,47
80,53
79,58
76,64
73,68
70,72
</s>
<s>
77,62
81,65
</s>
<s>
44,78
49,77
55,76
63,76
73,76
85,76
95,76
105,76
115,76
125,76
131,75
</s>
<s>
61,78
62,83
62,89
62,95
62,100
</s>
<s>
64,89
69,86
74,84
79,84
79,89
79,94
</s>
<s>
65,98
70,98
75,98
</s>
<s>
99,82
100,88
100,93
100,100
100,105
100,111
100,116
99,121
96,125
90,122
</s>