<s>
75,14
77,20
78,26
</s>
<s>
33,31
35,37
37,43
</s>
<s>
39,34
44,34
51,33
62,31
70,29
80,29
86,27
92,26
99,26
105,26
110,27
112,32
110,37
107,41
</s>
<s>
53,47
59,47
66,46
71,46
78,45
83,44
</s>
<s>
74,36
71,42
68,49
65,54
</s>
<s>
66,50
71,51
75,54
</s>
<s>
46,60
52,60
65,60
73,60
85,60
99,60
109,60
116,60
121,60
</s>
<s>
60,71
61,76
62,82
</s>
<s>
61,71
66,71
72,71
76,74
76,79
</s>
<s>
60,83
66,83
71,83
</s>
<s>
86,63
88,68
88,74
88,79
89,85
90,90
90,95
90,101
90,107
87,111
78,107
72,103
</s>