<s>
78,12
82,17
84,22
</s>
<s>
36,26
42,28
45,33
48,39
</s>
<s>
50,30
56,29
62,29
68,29
74,28
81,27
86,26
91,26
96,25
101,25
106,25
111,26
116,26
112,35
108,39
105,44
102,48
</s>
<s>
66,44
71,43
77,43
83,43
88,43
</s>
<s>
83,33
82,38
80,43
77,47
74,52
71,56
68,60
</s>
<s>
78,47
83,48
</s>
<s>
43,65
48,65
54,65
62,65
72,65
86,65
100,67
111,69
</s>
<s>
70,76
70,81
70,87
70,92
</s>
<s>
69,76
</s>
<s>
69,76
74,74
79,73
80,79
80,84
80,89
</s>
<s>
72,93
77,93
</s>
<s>
93,70
94,75
94,82
94,88
94,94
94,99
93,105
91,110
86,112
</s>