<s>
80,22
84,27
86,32
</s>
<s>
55,35
58,40
60,45
</s>
<s>
57,37
63,37
69,36
75,35
81,35
87,34
93,33
98,32
103,32
108,31
113,30
118,30
121,34
121,39
</s>
<s>
72,50
77,50
82,50
89,50
94,50
99,49
</s>
<s>
88,38
86,43
85,49
82,54
80,59
77,63
</s>
<s>
84,53
88,56
91,61
94,65
</s>
<s>
58,69
64,69
78,69
94,69
104,69
114,69
124,69
134,69
140,69
</s>
<s>
75,79
76,84
76,89
</s>
<s>
76,79
81,79
86,79
89,83
90,88
90,93
</s>
<s>
75,94
81,94
87,94
92,95
</s>
<s>
104,71
105,76
106,83
107,88
107,94
107,99
107,105
107,110
107,115
102,118
97,116
</s>