<s>
74,27
76,33
78,38
</s>
<s>
47,46
47,53
48,58
49,63
</s>
<s>
52,48
57,48
62,48
68,47
76,47
86,45
93,45
99,45
104,45
109,45
114,44
119,44
120,49
120,55
120,60
120,65
</s>
<s>
66,67
72,65
77,65
83,65
89,65
94,65
</s>
<s>
75,51
76,56
76,62
74,68
72,73
69,77
66,81
</s>
<s>
76,69
80,73
84,77
</s>
<s>
48,89
54,89
61,89
68,89
76,89
84,91
92,91
98,91
104,91
110,91
</s>
<s>
68,100
67,105
67,110
</s>
<s>
64,99
69,99
74,99
79,99
82,103
82,108
</s>
<s>
71,111
76,111
</s>
<s>
93,94
94,99
95,104
95,110
95,115
95,120
95,126
95,131
89,132
85,129
80,127
</s>