<s>
72,13
74,18
75,23
76,28
</s>
<s>
35,34
40,37
44,41
47,45
</s>
<s>
49,31
55,31
62,31
76,31
84,33
94,33
104,33
114,33
121,33
126,33
126,38
124,43
120,47
</s>
<s>
64,54
70,53
76,53
83,53
90,53
95,53
</s>
<s>
82,43
82,48
79,53
76,57
73,61
70,65
67,70
</s>
<s>
77,56
82,59
86,63
</s>
<s>
53,71
60,71
67,71
77,71
87,71
97,71
107,71
119,71
127,71
134,71
139,70
</s>
<s>
62,77
66,80
66,85
66,90
</s>
<s>
66,79
72,79
77,79
82,78
83,84
83,90
</s>
<s>
66,92
71,93
76,93
</s>
<s>
102,74
103,79
104,85
105,90
105,95
105,102
105,108
103,113
99,116
93,116
85,112
79,108
</s>