<s>
69,19
69,24
72,29
</s>
<s>
46,34
49,40
51,45
52,50
</s>
<s>
53,36
59,36
66,35
73,35
87,35
97,35
109,35
122,37
129,37
135,38
139,41
137,46
</s>
<s>
72,53
78,53
85,53
92,53
98,53
103,53
</s>
<s>
85,46
85,51
85,57
84,62
81,67
</s>
<s>
84,57
89,60
92,64
</s>
<s>
58,75
64,75
70,75
78,75
92,75
102,75
112,75
122,75
130,75
138,75
143,75
</s>
<s>
77,88
80,92
80,97
</s>
<s>
80,88
85,87
90,87
92,93
92,98
</s>
<s>
85,99
91,100
</s>
<s>
107,76
110,80
110,85
110,91
110,97
110,102
110,108
110,114
110,120
110,125
104,127
99,125
94,124
</s>