<s>
69,28
71,33
73,38
</s>
<s>
31,40
31,45
33,50
34,55
36,61
</s>
<s>
41,45
47,45
53,45
61,43
69,41
79,39
89,39
99,37
111,35
117,34
122,34
121,39
120,44
118,50
</s>
<s>
57,55
64,55
72,55
80,55
88,55
93,55
</s>
<s>
79,46
78,52
76,57
72,63
68,69
64,75
</s>
<s>
72,61
76,64
80,68
82,73
</s>
<s>
29,90
34,89
42,89
52,89
62,89
74,89
84,89
96,89
110,87
120,85
132,85
139,85
144,84
</s>
<s>
66,100
66,106
66,111
</s>
<s>
65,100
71,99
76,99
82,98
86,102
86,108
85,113
</s>
<s>
76,115
82,115
87,115
</s>
<s>
102,97
104,104
104,110
104,115
104,120
103,126
102,131
100,137
98,142
96,147
94,152
89,153
85,150
80,147
76,144
</s>