<s>
83,19
86,23
89,29
92,34
</s>
<s>
49,38
53,43
55,48
57,53
</s>
<s>
55,36
61,36
68,36
75,36
89,36
96,36
103,36
108,35
113,34
116,39
115,45
113,50
</s>
<s>
77,53
83,52
88,52
94,52
100,52
</s>
<s>
94,43
93,49
90,53
86,59
83,63
</s>
<s>
94,54
98,57
</s>
<s>
68,71
73,69
83,67
91,67
99,65
109,65
117,63
128,61
133,60
</s>
<s>
83,71
84,76
84,81
</s>
<s>
85,74
91,72
97,72
100,77
100,82
</s>
<s>
83,86
90,86
95,86
100,85
105,84
</s>
<s>
113,67
113,73
113,78
113,83
113,89
112,94
111,100
110,105
110,110
105,111
</s>