<s>
83,24
87,28
</s>
<s>
61,36
63,42
65,48
</s>
<s>
68,36
74,36
81,36
88,36
95,36
100,36
105,36
111,36
116,36
121,35
121,41
121,46
</s>
<s>
79,51
85,51
91,51
96,51
101,51
106,51
</s>
<s>
91,38
90,43
88,48
87,53
85,58
82,63
79,67
</s>
<s>
86,55
90,58
93,62
</s>
<s>
63,69
68,69
74,69
82,69
92,69
106,69
114,69
120,69
125,69
</s>
<s>
77,81
77,86
77,91
</s>
<s>
79,79
84,79
89,79
91,84
91,89
</s>
<s>
75,93
81,93
87,93
92,93
</s>
<s>
105,75
105,80
105,86
104,91
104,96
104,101
104,107
104,112
104,117
99,117
94,114
</s>