<s>
79,8
82,12
</s>
<s>
43,28
46,32
48,37
</s>
<s>
50,26
55,25
61,25
69,23
81,21
95,19
102,18
107,18
112,17
117,18
119,23
117,28
115,34
113,39
</s>
<s>
65,39
71,39
78,39
85,39
90,37
86,28
</s>
<s>
86,28
82,33
79,38
75,44
71,50
67,56
64,61
61,65
</s>
<s>
77,45
82,46
87,48
91,51
</s>
<s>
43,65
48,65
54,65
64,63
74,63
84,61
96,61
110,59
124,59
134,59
141,59
146,59
</s>
<s>
67,74
68,80
68,85
</s>
<s>
71,74
77,72
82,71
86,75
86,80
86,85
</s>
<s>
74,88
79,88
</s>
<s>
97,69
99,76
99,81
99,87
99,94
97,105
97,110
93,114
88,111
</s>