<s>
74,10
79,13
</s>
<s>
45,26
47,31
50,36
53,41
</s>
<s>
55,27
61,26
67,26
81,26
91,26
99,26
106,26
111,26
112,32
110,37
</s>
<s>
62,38
69,38
76,38
89,38
97,38
104,38
</s>
<s>
74,25
75,30
75,35
73,41
70,46
</s>
<s>
73,39
77,43
</s>
<s>
47,54
52,53
58,53
66,53
76,53
86,53
100,53
108,55
120,55
130,57
140,57
146,57
</s>
<s>
72,63
73,69
73,74
</s>
<s>
73,64
</s>
<s>
73,64
79,62
85,62
90,62
90,67
90,72
</s>
<s>
72,76
77,76
82,76
87,76
</s>
<s>
105,60
108,64
108,69
108,75
108,80
108,85
108,91
103,93
97,92
</s>