<s>
76,27
82,28
85,32
</s>
<s>
52,42
55,47
58,53
60,58
</s>
<s>
57,47
</s>
<s>
57,47
62,45
68,44
74,43
82,41
90,39
97,39
103,38
108,37
113,37
118,37
118,43
114,47
111,53
110,58
</s>
<s>
74,58
80,58
87,56
92,56
97,56
</s>
<s>
92,47
89,52
87,57
82,66
79,70
76,75
</s>
<s>
84,58
89,59
92,63
</s>
<s>
67,78
79,75
86,75
96,73
106,73
118,73
128,73
136,73
141,72
</s>
<s>
80,82
80,88
80,94
</s>
<s>
80,84
85,82
91,81
96,81
99,86
100,91
99,96
96,100
</s>
<s>
80,98
86,98
91,98
97,97
103,97
</s>
<s>
107,79
108,84
108,91
108,96
108,102
108,107
107,112
101,113
90,109
82,105
73,100
65,96
</s>