<s>
78,13
82,17
</s>
<s>
38,32
43,33
46,38
50,44
53,48
</s>
<s>
54,39
61,38
68,35
74,34
80,33
86,33
92,32
99,32
104,32
109,32
107,38
103,44
100,49
</s>
<s>
70,46
75,46
80,46
86,46
92,46
</s>
<s>
84,36
84,42
81,48
78,53
75,57
</s>
<s>
80,49
85,50
</s>
<s>
48,61
55,61
61,61
71,61
83,61
95,61
109,63
119,65
131,65
143,67
153,69
159,69
</s>
<s>
79,71
80,77
81,82
81,87
</s>
<s>
80,70
</s>
<s>
80,70
85,69
90,68
92,73
93,79
93,84
</s>
<s>
84,88
89,88
94,88
99,88
</s>
<s>
111,67
111,73
111,79
111,85
111,91
111,96
111,101
105,102
97,100
89,98
81,94
</s>