<s>
65,9
68,15
70,20
</s>
<s>
40,26
42,31
45,36
48,40
</s>
<s>
50,27
56,27
62,26
69,25
77,23
85,23
93,21
101,21
107,22
113,24
115,29
111,35
108,41
105,45
</s>
<s>
64,46
69,45
75,45
81,45
86,45
</s>
<s>
78,33
76,39
72,45
70,50
68,56
64,60
</s>
<s>
75,48
81,52
84,57
</s>
<s>
44,64
50,64
58,62
66,62
76,60
88,60
100,60
110,60
120,60
130,60
137,60
</s>
<s>
68,77
69,82
69,87
</s>
<s>
70,75
</s>
<s>
70,75
76,75
82,75
87,75
87,80
87,85
</s>
<s>
73,87
78,87
83,87
</s>
<s>
93,64
98,68
98,74
98,80
98,86
98,91
98,97
96,102
</s>