<s>
69,18
73,21
76,25
79,29
</s>
<s>
36,39
39,43
42,48
44,53
</s>
<s>
51,44
57,42
62,41
69,40
77,38
89,36
97,36
105,34
113,34
120,34
125,34
126,39
123,43
120,47
117,51
</s>
<s>
54,59
59,59
64,59
69,58
75,57
80,55
86,54
92,53
97,52
</s>
<s>
78,40
78,46
77,52
76,59
74,65
71,71
</s>
<s>
82,62
86,66
89,71
</s>
<s>
43,81
48,81
55,81
69,79
79,79
93,79
109,79
119,79
127,79
133,77
139,75
</s>
<s>
61,89
64,94
65,100
</s>
<s>
70,88
76,87
81,87
86,87
89,91
89,97
87,102
</s>
<s>
66,105
71,105
78,105
85,105
91,106
96,107
</s>
<s>
108,89
108,95
108,100
106,105
105,111
103,117
101,122
99,127
95,131
90,132
84,130
</s>