<s>
72,8
76,12
78,18
</s>
<s>
33,26
37,30
41,35
43,40
</s>
<s>
46,27
51,26
56,24
64,24
72,22
79,22
87,22
93,22
98,22
103,21
108,21
113,21
118,23
117,29
114,34
</s>
<s>
62,42
67,40
72,40
77,40
83,40
88,39
</s>
<s>
84,26
81,33
79,38
75,44
72,49
69,53
</s>
<s>
77,42
82,44
85,48
</s>
<s>
55,55
62,55
69,55
79,55
91,55
107,55
117,55
124,55
</s>
<s>
67,65
68,70
68,75
68,80
</s>
<s>
65,67
70,67
75,67
80,67
82,72
82,78
</s>
<s>
72,82
77,83
82,83
87,85
</s>
<s>
104,62
104,67
104,73
104,78
104,83
104,89
104,94
101,100
98,104
91,104
83,100
</s>