<s>
67,12
70,16
72,21
</s>
<s>
31,32
34,37
37,41
39,46
</s>
<s>
38,34
43,34
49,33
54,33
60,33
67,33
75,33
82,33
88,33
93,33
98,33
103,33
110,33
115,33
120,33
120,38
118,43
</s>
<s>
63,52
70,51
76,51
83,51
89,51
94,51
99,51
</s>
<s>
82,41
83,46
82,52
80,57
76,63
73,67
69,72
</s>
<s>
81,54
86,56
91,61
95,65
</s>
<s>
43,75
50,75
57,75
64,75
74,75
84,75
94,75
104,75
112,75
118,75
123,75
</s>
<s>
63,88
65,94
66,99
</s>
<s>
66,88
71,88
76,88
81,88
85,91
85,96
</s>
<s>
68,99
73,99
</s>
<s>
103,80
105,87
106,93
106,99
106,104
105,109
104,115
101,120
100,125
95,124
91,121
</s>