<s>
72,13
75,18
77,23
</s>
<s>
39,35
42,39
45,43
47,48
</s>
<s>
47,35
52,34
58,34
66,34
76,34
90,34
106,34
116,34
126,34
133,34
137,38
134,44
130,49
</s>
<s>
74,49
79,48
84,47
91,47
96,47
</s>
<s>
90,39
89,44
86,49
83,55
80,59
</s>
<s>
87,49
92,51
</s>
<s>
55,66
61,66
67,66
77,66
87,66
103,66
113,66
125,66
135,66
145,66
151,66
</s>
<s>
79,76
80,81
80,87
80,92
</s>
<s>
80,73
85,73
90,73
93,77
93,82
93,87
</s>
<s>
85,91
90,91
95,91
</s>
<s>
109,74
109,79
109,84
109,90
109,97
109,102
109,108
108,114
107,120
106,125
100,124
94,120
</s>