<s>
77,15
79,20
82,25
</s>
<s>
39,34
42,39
45,45
48,49
</s>
<s>
52,37
57,37
64,37
74,37
88,37
100,37
116,37
126,37
132,37
132,42
130,47
</s>
<s>
65,53
72,53
78,53
86,53
100,53
108,53
113,53
</s>
<s>
95,42
92,46
89,50
86,54
82,58
78,62
</s>
<s>
87,53
91,57
95,62
98,66
</s>
<s>
45,71
51,71
56,71
66,71
80,71
92,71
106,71
118,71
132,71
142,71
150,71
</s>
<s>
81,79
81,85
81,91
</s>
<s>
83,79
88,79
94,78
98,81
98,87
97,92
</s>
<s>
85,94
90,94
95,94
100,94
</s>
<s>
108,77
108,83
108,89
108,95
108,100
107,106
105,111
</s>