<s>
67,20
70,24
72,29
</s>
<s>
35,36
39,39
42,45
43,51
43,56
</s>
<s>
50,37
55,36
60,35
68,33
76,33
86,33
94,33
102,33
108,33
113,33
111,38
108,43
105,47
</s>
<s>
66,49
71,48
78,47
83,46
88,46
93,46
</s>
<s>
77,36
77,42
77,48
76,53
74,59
72,64
</s>
<s>
77,50
83,53
86,57
</s>
<s>
33,74
38,74
43,72
51,70
65,68
79,66
89,66
97,64
109,62
115,61
120,60
125,60
</s>
<s>
66,76
67,81
68,86
</s>
<s>
71,77
</s>
<s>
71,77
76,76
81,76
85,79
85,84
</s>
<s>
71,88
77,88
82,88
</s>
<s>
100,74
101,79
101,86
101,91
101,97
101,102
101,108
97,111
91,109
</s>