<s>
71,21
74,26
76,31
</s>
<s>
27,34
32,38
36,43
39,47
</s>
<s>
43,40
49,39
54,38
62,38
76,38
86,38
96,38
103,37
111,35
116,35
122,35
128,35
131,40
128,46
124,51
</s>
<s>
62,52
67,52
73,52
83,52
93,52
103,52
111,54
123,56
</s>
<s>
87,41
87,47
83,55
79,61
75,66
72,70
</s>
<s>
88,55
93,59
96,64
99,68
</s>
<s>
45,75
51,74
56,74
64,74
80,74
92,74
104,74
118,74
128,74
138,74
146,76
151,76
</s>
<s>
76,82
76,87
76,93
76,98
</s>
<s>
78,87
83,85
88,84
94,84
98,87
98,92
98,97
</s>
<s>
83,98
88,98
93,98
98,98
</s>
<s>
111,84
113,91
113,96
113,102
113,107
111,112
109,117
104,118
97,117
92,113
</s>