<s>
67,26
69,31
70,36
</s>
<s>
46,43
50,47
52,52
54,58
</s>
<s>
57,46
62,45
68,45
74,44
82,44
90,42
100,42
108,42
114,42
119,42
119,47
116,52
114,57
</s>
<s>
72,59
78,59
84,59
89,59
95,59
</s>
<s>
90,48
84,58
78,66
74,72
70,78
67,82
64,86
</s>
<s>
81,67
87,68
90,72
</s>
<s>
49,86
55,86
61,86
69,86
79,86
95,86
105,86
113,86
119,86
</s>
<s>
77,93
78,99
78,104
</s>
<s>
78,92
</s>
<s>
78,92
83,92
88,92
92,96
92,101
</s>
<s>
84,104
89,104
</s>
<s>
96,89
101,89
102,95
102,102
102,107
102,112
102,117
100,123
95,122
92,118
</s>