<s>
63,11
65,16
</s>
<s>
29,32
35,36
38,41
</s>
<s>
39,31
44,30
49,30
54,30
60,29
66,28
72,27
78,25
84,24
90,23
95,22
100,22
106,22
111,23
115,26
114,32
111,37
109,42
</s>
<s>
57,47
63,47
69,47
75,47
80,47
85,46
</s>
<s>
83,37
79,42
76,46
74,51
70,55
67,61
</s>
<s>
75,51
81,53
84,57
</s>
<s>
41,75
47,74
53,72
63,72
71,70
81,70
91,70
101,70
115,70
122,70
128,69
133,68
</s>
<s>
69,88
70,93
70,98
</s>
<s>
70,87
</s>
<s>
70,87
76,86
82,85
86,88
86,93
</s>
<s>
73,96
79,96
84,96
</s>
<s>
96,78
99,83
100,88
100,95
100,100
100,105
100,111
100,116
97,120
92,116
</s>