<s>
99,44
102,49
105,53
108,57
111,61
</s>
<s>
86,69
92,69
99,69
104,69
110,69
116,67
121,67
129,67
134,67
</s>
<s>
123,77
121,82
119,87
116,91
115,96
110,99
105,102
100,103
94,107
89,107
</s>
<s>
93,79
98,81
102,84
107,88
115,94
121,99
129,105
133,108
138,109
144,108
149,107
</s>
<s>
57,51
61,56
64,60
</s>
<s>
50,73
55,73
60,73
65,73
71,73
69,78
64,82
69,85
72,89
70,94
66,97
62,100
58,103
54,106
</s>
<s>
38,103
44,103
52,105
60,107
69,109
77,113
85,116
91,120
97,122
107,126
112,127
117,130
122,130
127,131
132,131
139,131
145,127
152,125
157,123
</s>