<s>
103,42
107,46
110,51
113,56
116,61
</s>
<s>
86,75
91,75
97,74
103,73
109,73
115,72
120,71
126,71
131,70
136,69
141,67
146,66
</s>
<s>
136,78
136,83
135,88
134,94
131,99
128,105
124,110
121,114
118,119
115,123
111,126
106,130
101,134
96,137
91,139
</s>
<s>
92,89
97,90
100,95
104,99
108,103
112,108
117,112
121,116
125,120
129,123
135,126
139,129
145,133
154,138
165,141
173,145
181,147
187,149
</s>
<s>
58,59
61,63
64,69
66,74
</s>
<s>
51,84
56,84
63,83
68,82
68,87
64,92
60,96
65,98
71,98
76,99
76,104
73,108
70,112
66,117
63,121
</s>
<s>
28,125
33,124
39,124
44,126
53,131
62,136
68,138
79,143
85,145
91,147
97,148
105,150
111,152
119,154
130,157
137,157
145,159
152,159
158,160
164,160
170,160
</s>