<s>
102,36
106,40
109,44
112,48
115,54
118,58
</s>
<s>
87,66
92,66
99,65
107,65
117,65
127,65
135,65
143,65
148,65
153,65
</s>
<s>
140,77
139,83
136,89
133,94
130,100
127,104
124,108
120,112
116,116
112,120
108,124
104,127
</s>
<s>
105,79
109,82
113,85
118,90
122,94
130,100
135,103
139,106
142,110
147,112
151,115
157,118
162,120
</s>
<s>
56,50
60,54
63,58
66,62
69,66
</s>
<s>
56,78
61,78
67,78
72,78
78,78
84,78
81,83
75,87
70,90
66,93
62,96
67,97
72,97
77,96
82,95
79,100
74,104
70,109
65,112
</s>
<s>
39,111
44,112
50,115
59,120
70,123
76,127
84,129
90,133
98,135
103,138
108,140
113,141
119,141
124,141
131,142
137,143
143,144
150,145
156,145
162,146
168,146
173,146
</s>