<s>
111,33
114,38
118,43
122,47
</s>
<s>
92,61
99,60
105,60
113,60
120,60
126,60
131,60
136,60
141,59
147,59
154,58
160,57
165,57
</s>
<s>
142,71
142,76
140,81
137,86
135,91
133,96
130,101
127,106
124,110
121,114
118,118
114,122
110,126
105,129
</s>
<s>
101,76
105,80
109,85
112,89
115,94
117,99
120,103
123,107
126,111
129,115
133,118
138,122
142,125
147,127
152,128
158,130
</s>
<s>
55,45
59,50
62,54
65,58
</s>
<s>
57,69
62,69
67,69
72,69
72,74
66,78
63,82
59,86
55,90
61,91
66,91
71,91
76,91
74,97
69,102
66,106
63,112
</s>
<s>
38,116
45,116
50,116
55,117
61,119
67,121
72,123
80,128
85,130
93,135
100,138
106,139
114,143
122,145
132,147
142,149
152,153
162,155
172,157
182,161
190,163
216,167
221,167
</s>