<s>
107,46
110,50
114,56
117,61
</s>
<s>
88,76
93,75
98,74
104,74
110,74
116,74
122,73
128,73
133,73
138,73
</s>
<s>
132,82
132,88
130,94
127,99
125,104
122,108
119,112
115,116
112,120
108,123
105,127
100,132
96,135
92,139
</s>
<s>
96,88
99,92
106,101
110,106
114,112
119,117
123,121
127,125
131,129
136,132
142,135
148,137
</s>
<s>
57,54
58,60
61,65
62,70
</s>
<s>
51,81
56,81
63,80
69,79
66,85
62,89
56,93
53,97
49,101
46,105
52,105
57,104
63,102
65,108
61,113
58,117
55,122
</s>
<s>
27,121
32,121
38,122
43,124
49,128
54,130
59,132
65,134
71,137
77,140
82,141
90,146
95,147
101,148
107,150
115,152
123,154
131,156
139,158
150,161
157,162
164,162
</s>