<s>
108,46
110,51
111,56
113,62
116,67
118,72
</s>
<s>
84,83
90,83
95,83
102,83
107,83
112,83
117,83
122,83
128,82
134,81
139,80
144,80
149,80
154,79
</s>
<s>
136,91
135,96
134,101
133,106
131,111
129,116
126,121
123,126
119,132
116,136
112,140
108,144
104,148
99,151
</s>
<s>
98,100
101,105
104,111
107,115
110,119
113,123
116,127
118,132
122,136
125,140
129,144
133,148
138,151
143,152
</s>
<s>
49,57
51,62
54,67
</s>
<s>
48,79
53,79
58,79
63,80
63,86
59,90
55,94
58,98
63,98
68,98
72,101
72,107
69,113
66,118
64,123
61,127
</s>
<s>
30,129
35,128
41,128
46,129
51,131
56,133
60,136
65,140
75,146
81,150
90,154
99,159
107,161
113,163
121,165
131,167
138,167
144,168
150,169
155,169
162,170
168,171
173,171
178,172
183,172
</s>