<s>
103,42
108,47
111,51
114,55
116,60
</s>
<s>
92,72
97,72
103,72
109,72
117,72
124,72
129,71
134,71
140,70
146,68
151,68
157,68
162,68
</s>
<s>
136,84
136,89
135,94
133,100
132,107
129,113
125,118
122,122
119,127
114,130
110,133
105,136
</s>
<s>
102,90
107,93
112,98
116,102
120,105
124,110
129,112
134,115
138,118
142,121
148,124
154,125
160,126
166,126
</s>
<s>
53,50
57,54
60,58
63,63
</s>
<s>
42,80
48,79
54,78
61,78
67,77
72,76
77,75
82,75
79,81
75,85
71,89
66,93
62,97
66,100
71,99
76,99
75,105
72,110
69,114
65,118
61,122
58,126
</s>
<s>
26,121
32,120
38,120
43,121
49,123
60,126
71,129
79,131
85,133
91,135
97,136
103,138
110,138
117,139
124,140
135,142
146,144
152,144
157,144
163,144
168,143
</s>