<s>
111,48
113,54
116,60
119,64
</s>
<s>
90,76
95,76
102,76
108,76
113,76
119,76
125,76
130,76
137,75
143,74
148,73
153,72
</s>
<s>
140,84
137,89
134,93
131,99
127,103
123,109
120,113
116,117
111,121
106,124
102,127
97,130
</s>
<s>
99,91
103,95
106,99
109,103
113,107
117,111
120,115
123,119
128,123
133,127
140,129
145,132
150,132
</s>
<s>
63,61
65,66
67,71
</s>
<s>
53,81
58,81
63,81
68,81
69,86
65,91
61,94
57,98
62,99
68,99
73,99
71,105
65,109
62,113
58,117
54,121
</s>
<s>
25,121
31,120
36,120
41,120
46,121
51,123
56,124
61,126
68,128
74,129
85,132
96,135
104,137
114,141
122,143
130,145
138,147
144,149
150,150
157,151
162,151
168,151
173,150
</s>