<s>
108,49
110,54
112,59
115,64
</s>
<s>
93,75
98,75
103,75
109,75
114,73
120,73
126,72
131,72
138,71
143,71
148,69
153,69
</s>
<s>
137,82
135,88
131,94
128,98
124,103
119,106
116,110
112,114
108,118
104,122
99,125
94,127
</s>
<s>
87,90
92,91
96,94
104,100
108,103
112,106
117,109
120,113
124,116
128,120
133,122
138,125
143,126
149,129
154,129
</s>
<s>
51,47
52,52
54,58
</s>
<s>
43,78
49,77
54,77
60,77
59,83
56,88
53,92
50,97
48,102
54,102
59,102
64,102
62,107
58,112
54,116
50,120
</s>
<s>
25,122
30,121
37,121
43,122
49,124
55,126
61,128
69,130
75,132
80,133
85,135
89,138
94,139
100,141
105,142
112,143
118,144
125,144
133,146
140,146
145,147
150,147
155,147
160,145
</s>