<s>
104,39
108,43
110,49
113,55
114,60
</s>
<s>
85,69
90,69
96,69
103,69
111,69
119,69
125,68
130,68
136,67
</s>
<s>
126,82
126,87
123,93
121,98
118,104
115,109
112,113
108,118
104,123
100,126
95,131
91,134
87,138
</s>
<s>
92,86
96,89
99,93
104,100
112,110
116,116
119,120
122,124
126,127
130,131
134,134
139,138
145,141
151,145
156,147
162,149
</s>
<s>
49,60
55,62
59,65
</s>
<s>
50,77
55,77
61,77
66,77
71,77
68,82
63,87
59,90
54,95
50,99
47,103
52,103
57,103
62,103
59,108
56,112
53,117
50,121
</s>
<s>
27,124
34,124
39,124
45,126
51,128
55,131
60,134
68,139
73,141
79,143
90,145
97,146
105,148
112,148
119,149
126,150
138,152
145,152
152,153
157,153
</s>