<s>
100,47
105,52
110,58
111,63
</s>
<s>
88,86
94,85
100,85
105,85
111,85
116,85
121,85
129,85
134,85
</s>
<s>
115,95
115,100
115,105
113,110
111,115
109,121
106,125
103,129
99,132
</s>
<s>
92,103
97,106
102,109
107,114
113,118
117,122
121,125
125,128
132,133
137,135
143,136
148,136
</s>
<s>
67,74
70,78
73,83
</s>
<s>
57,91
63,91
68,91
75,91
75,97
70,100
65,105
61,108
66,109
71,109
71,114
68,118
65,122
62,126
54,129
</s>
<s>
46,130
52,132
60,136
68,139
78,142
84,144
92,148
98,149
103,149
108,150
122,151
127,152
135,154
142,154
154,152
163,150
173,146
</s>