<s>
108,56
113,60
117,65
120,71
</s>
<s>
96,85
102,85
107,85
113,85
120,85
126,85
132,85
137,85
143,85
148,85
153,85
158,84
</s>
<s>
135,102
135,107
135,112
134,117
131,122
128,128
125,133
122,137
119,141
115,144
110,148
106,151
101,153
</s>
<s>
105,107
110,111
113,116
116,120
119,124
122,128
127,132
130,136
134,139
138,142
142,145
147,147
152,149
158,150
</s>
<s>
54,67
57,72
60,77
</s>
<s>
47,89
52,89
58,89
64,89
70,89
75,89
72,94
67,98
63,102
60,106
64,109
70,109
75,111
74,116
71,120
67,125
64,129
61,133
</s>
<s>
25,128
30,128
37,128
42,130
51,135
57,137
65,141
74,146
80,148
88,153
93,155
99,159
105,160
111,162
117,163
128,166
139,169
150,173
157,173
165,175
171,175
177,175
182,175
</s>