<s>
106,43
108,49
112,55
114,60
117,65
</s>
<s>
82,77
88,78
94,78
100,78
107,78
112,78
118,78
123,78
129,77
136,76
142,76
147,75
152,73
</s>
<s>
142,83
142,88
140,93
138,99
136,104
133,109
130,114
127,119
123,123
119,127
115,131
109,134
104,137
98,139
92,140
86,140
</s>
<s>
99,91
102,96
105,102
108,106
111,110
114,115
117,119
121,123
125,127
130,131
135,134
140,135
146,136
151,137
</s>
<s>
56,54
56,59
57,64
</s>
<s>
43,79
48,79
55,79
60,79
65,79
70,79
68,84
65,88
62,93
59,98
56,102
63,104
68,103
68,108
64,112
60,116
57,120
53,124
</s>
<s>
20,124
25,124
30,124
36,126
41,129
46,131
52,133
62,137
73,142
79,146
87,148
95,152
103,154
112,159
118,160
123,162
129,163
134,163
139,163
144,163
150,163
155,162
160,161
165,161
170,160
</s>