<s>
107,47
112,49
114,55
115,60
</s>
<s>
96,72
102,72
107,72
115,72
127,74
134,74
140,74
145,74
150,73
155,73
</s>
<s>
132,83
133,88
132,94
131,99
128,104
125,109
121,114
116,119
112,123
107,125
</s>
<s>
100,89
105,91
108,95
112,101
116,105
119,109
124,114
129,118
133,121
139,124
146,126
152,127
157,129
</s>
<s>
65,56
68,61
</s>
<s>
53,80
58,79
63,78
68,76
73,75
70,80
66,84
62,88
59,92
64,92
69,92
74,93
74,98
71,102
68,106
64,110
60,113
</s>
<s>
31,111
36,111
41,112
46,114
51,116
56,118
60,121
64,124
69,125
77,130
83,132
89,136
97,138
105,140
113,142
121,146
127,148
133,149
138,151
143,152
149,153
155,154
161,154
166,154
</s>