<s>
122,42
</s>
<s>
122,42
</s>
<s>
122,42
123,47
126,51
129,56
132,60
135,65
</s>
<s>
112,77
117,77
122,76
128,75
133,75
139,75
145,75
150,75
155,75
160,75
165,75
</s>
<s>
161,93
159,99
157,104
154,109
151,114
147,118
143,122
139,126
133,128
127,131
122,133
117,134
</s>
<s>
125,99
130,100
134,103
137,107
141,111
145,115
149,119
153,123
157,127
163,129
169,132
174,134
179,135
186,135
191,135
</s>
<s>
75,56
77,61
79,66
</s>
<s>
75,84
81,84
87,84
92,83
97,83
93,87
90,91
85,95
82,99
79,103
85,103
90,103
91,108
88,112
85,116
82,120
78,123
74,126
70,130
</s>
<s>
51,130
56,130
62,130
67,130
72,132
77,133
82,135
89,137
95,138
101,140
107,142
112,143
118,145
123,146
129,148
134,149
139,149
144,149
149,150
154,150
160,150
165,150
170,150
175,150
180,149
185,147
</s>