<s>
101,56
104,60
108,64
111,69
</s>
<s>
88,84
93,84
99,84
105,84
115,84
121,84
126,84
131,84
136,84
141,82
</s>
<s>
125,96
123,101
121,106
118,110
112,116
108,120
105,124
101,128
96,134
92,138
87,141
81,143
75,143
</s>
<s>
98,99
101,104
104,109
107,114
111,119
115,124
119,127
124,131
130,133
135,135
145,138
150,139
</s>
<s>
68,66
70,71
</s>
<s>
49,91
54,91
60,91
66,91
75,91
76,96
72,99
68,102
73,103
78,105
77,110
73,115
70,119
66,123
61,126
</s>
<s>
35,124
40,125
45,127
53,130
65,136
70,140
77,146
89,151
98,155
104,157
110,159
122,164
130,166
136,168
141,169
146,169
152,171
162,171
168,172
174,172
180,172
</s>