<s>
57,51
62,51
67,51
73,51
78,51
84,51
94,51
100,51
105,51
110,51
115,52
120,52
125,52
130,52
</s>
<s>
87,34
88,40
89,52
88,57
87,62
87,67
86,72
86,78
86,83
</s>
<s>
50,93
56,93
63,93
74,93
85,93
101,93
109,93
117,93
125,93
136,93
142,93
154,93
</s>
<s>
94,95
92,100
88,104
85,108
81,113
73,123
68,130
63,136
60,141
54,145
58,148
64,148
70,148
85,148
93,148
99,148
104,149
110,150
115,150
120,151
125,152
</s>
<s>
120,134
124,141
130,148
134,154
139,162
145,166
153,178
155,184
159,188
163,192
168,198
</s>