<s>
<state>
0,0
1,0
2,0.25
3,0.5
4,0.25
5,0
6,0
7,0
8,0
9,0
10,0
11,0
12,0
13,0
14,0
15,0
</state>
<state>
0,0
1,0
2,0
3,0.25
4,0.75
5,0
6,0
7,0
8,0
9,0
10,0
11,0
12,0
13,0
14,0
15,0
</state>
<state>
0,0
1,0
2,0
3,0.5
4,0.25
5,0
6,0
7,0
8,0
9,0
10,0
11,0.25
12,0
13,0
14,0
15,0
</state>
</s>
<s>
<state>
0,0.9
1,0
2,0
3,0
4,0
5,0
6,0
7,0
8,0
9,0
10,0
11,0
12,0
13,0
14,0
15,0.1
</state>
<state>
0,0.545455
1,0
2,0
3,0.0909091
4,0.272727
5,0
6,0
7,0
8,0
9,0
10,0
11,0
12,0
13,0
14,0
15,0.0909091
</state>
<state>
0,0
1,0
2,0
3,0
4,0.545455
5,0.0909091
6,0
7,0
8,0
9,0.0909091
10,0.272727
11,0
12,0
13,0
14,0
15,0
</state>
</s>
<s>
<state>
0,0
1,0
2,0
3,0
4,1
5,0
6,0
7,0
8,0
9,0
10,0
11,0
12,0
13,0
14,0
15,0
</state>
<state>
0,0
1,0
2,0
3,0
4,0
5,0
6,1
7,0
8,0
9,0
10,0
11,0
12,0
13,0
14,0
15,0
</state>
<state>
0,0
1,0
2,0
3,0
4,0
5,0.25
6,0.5
7,0
8,0
9,0
10,0
11,0
12,0
13,0
14,0.25
15,0
</state>
</s>
<s>
<state>
0,0
1,0
2,0
3,0
4,1
5,0
6,0
7,0
8,0
9,0
10,0
11,0
12,0
13,0
14,0
15,0
</state>
<state>
0,0
1,0.333333
2,0.333333
3,0.333333
4,0
5,0
6,0
7,0
8,0
9,0
10,0
11,0
12,0
13,0
14,0
15,0
</state>
<state>
0,0.75
1,0
2,0
3,0
4,0
5,0
6,0
7,0
8,0
9,0
10,0
11,0.25
12,0
13,0
14,0
15,0
</state>
</s>
<s>
<state>
0,1
1,0
2,0
3,0
4,0
5,0
6,0
7,0
8,0
9,0
10,0
11,0
12,0
13,0
14,0
15,0
</state>
<state>
0,1
1,0
2,0
3,0
4,0
5,0
6,0
7,0
8,0
9,0
10,0
11,0
12,0
13,0
14,0
15,0
</state>
<state>
0,0.2
1,0
2,0
3,0
4,0
5,0
6,0
7,0
8,0
9,0
10,0
11,0
12,0.2
13,0
14,0
15,0.6
</state>
</s>