<s>
<state>
0,0
1,0
2,0.5
3,0.5
4,0
5,0
6,0
7,0
8,0
9,0
10,0
11,0
12,0
13,0
14,0
15,0
</state>
<state>
0,0
1,0
2,0
3,0.5
4,0.5
5,0
6,0
7,0
8,0
9,0
10,0
11,0
12,0
13,0
14,0
15,0
</state>
<state>
0,0
1,0
2,0
3,0
4,0.75
5,0
6,0
7,0
8,0
9,0
10,0.25
11,0
12,0
13,0
14,0
15,0
</state>
</s>
<s>
<state>
0,0.7
1,0
2,0
3,0
4,0
5,0
6,0
7,0
8,0
9,0
10,0
11,0
12,0
13,0
14,0
15,0.3
</state>
<state>
0,0
1,0
2,0
3,0.1
4,0.7
5,0.1
6,0
7,0
8,0
9,0
10,0
11,0
12,0
13,0
14,0
15,0.1
</state>
<state>
0,0
1,0
2,0
3,0
4,0
5,0.2
6,0
7,0
8,0.1
9,0.1
10,0.6
11,0
12,0
13,0
14,0
15,0
</state>
</s>
<s>
<state>
0,0
1,0
2,0
3,0
4,0.5
5,0.5
6,0
7,0
8,0
9,0
10,0
11,0
12,0
13,0
14,0
15,0
</state>
<state>
0,0
1,0
2,0
3,0
4,0
5,0.5
6,0.5
7,0
8,0
9,0
10,0
11,0
12,0
13,0
14,0
15,0
</state>
<state>
0,0
1,0
2,0
3,0
4,0
5,0.5
6,0
7,0
8,0
9,0
10,0
11,0
12,0
13,0
14,0.5
15,0
</state>
</s>
<s>
<state>
0,0
1,0
2,0
3,0
4,0.666667
5,0.333333
6,0
7,0
8,0
9,0
10,0
11,0
12,0
13,0
14,0
15,0
</state>
<state>
0,0
1,0
2,0.333333
3,0
4,0.666667
5,0
6,0
7,0
8,0
9,0
10,0
11,0
12,0
13,0
14,0
15,0
</state>
<state>
0,0.75
1,0
2,0
3,0
4,0
5,0
6,0
7,0
8,0
9,0
10,0
11,0
12,0
13,0.25
14,0
15,0
</state>
</s>
<s>
<state>
0,0.333333
1,0
2,0
3,0
4,0
5,0
6,0
7,0
8,0
9,0
10,0
11,0
12,0
13,0
14,0
15,0.666667
</state>
<state>
0,0.666667
1,0
2,0
3,0
4,0
5,0
6,0
7,0
8,0
9,0
10,0
11,0
12,0
13,0
14,0
15,0.333333
</state>
<state>
0,0.666667
1,0
2,0
3,0
4,0
5,0
6,0
7,0
8,0
9,0
10,0
11,0
12,0.333333
13,0
14,0
15,0
</state>
</s>