<s>
65,42
65,47
65,52
65,57
65,62
65,67
63,72
61,77
58,81
</s>
<s>
67,43
73,42
79,42
84,42
89,42
93,45
92,50
91,55
90,61
90,66
90,71
90,76
98,77
105,77
110,77
</s>
<s>
43,103
49,103
54,103
61,103
68,104
78,104
85,105
93,107
100,107
106,108
111,108
116,108
121,108
</s>
<s>
79,86
79,92
79,98
79,104
79,109
79,114
78,121
78,127
78,132
78,138
78,143
78,148
</s>
<s>
74,107
70,111
67,117
64,121
60,125
56,128
51,130
</s>
<s>
82,108
83,113
87,117
91,120
101,126
106,128
112,130
117,132
122,134
127,135
132,137
137,138
142,138
</s>