<s>
58,43
61,47
62,53
62,58
62,63
62,68
61,73
59,78
56,82
</s>
<s>
65,46
70,45
76,43
81,42
86,42
90,46
90,51
90,57
90,62
91,67
93,72
98,74
104,74
109,74
114,74
119,74
</s>
<s>
30,97
37,98
42,99
49,99
57,101
69,103
77,103
85,103
91,103
97,103
102,103
107,103
112,103
117,103
123,102
128,101
133,101
</s>
<s>
79,85
79,90
79,95
79,100
79,105
79,110
79,115
79,120
79,126
79,132
79,138
79,143
</s>
<s>
78,111
74,116
71,120
67,124
63,129
60,133
55,136
51,140
</s>
<s>
81,110
84,114
87,118
91,121
95,125
99,129
104,133
109,136
115,139
121,142
127,144
</s>