
62,29<s>
62,29
62,34
63,39
63,45
63,50
63,56
61,62
58,66
</s>
<s>
65,26
70,26
75,26
80,26
85,26
91,26
95,31
95,37
95,42
95,48
96,54
97,60
102,62
107,62
112,62
117,62
</s>
<s>
47,85
53,84
60,84
67,84
74,84
81,84
87,84
92,85
98,85
104,86
110,86
115,86
120,86
126,86
131,86
</s>
<s>
87,69
87,74
87,79
87,84
87,90
86,96
85,102
85,108
85,114
85,120
85,125
85,130
</s>
<s>
82,87
77,90
73,95
69,99
65,102
61,105
57,108
</s>
<s>
94,90
97,95
101,99
106,103
111,106
116,109
121,111
127,113
132,114
137,116
</s>