<s>
59,36
61,41
61,46
61,51
61,56
60,61
58,66
55,70
52,74
48,78
44,81
</s>
<s>
62,40
67,40
72,39
78,39
83,38
88,37
93,37
97,40
96,45
96,51
96,56
95,61
96,66
101,68
107,70
112,71
117,71
122,71
127,71
</s>
<s>
46,99
51,98
57,98
63,98
69,98
75,98
81,98
87,98
93,98
99,98
105,98
110,98
115,98
120,98
125,99
</s>
<s>
83,78
83,83
83,89
83,95
83,101
83,106
83,112
83,118
83,123
83,128
83,133
83,138
</s>
<s>
79,105
76,110
72,114
68,118
64,121
60,125
54,128
49,130
44,131
</s>
<s>
84,104
89,107
93,111
97,115
103,119
109,123
114,126
122,132
127,134
133,138
138,140
144,142
149,144
154,145
</s>