<s>
58,39
62,44
62,49
62,54
61,59
59,64
57,70
54,74
50,77
</s>
<s>
63,38
69,38
76,38
83,38
88,38
93,38
95,43
94,49
93,55
92,60
92,66
94,72
99,75
104,76
110,76
115,76
120,76
</s>
<s>
39,96
44,96
51,96
65,96
75,96
85,96
95,96
105,96
113,98
120,98
125,98
130,98
136,98
</s>
<s>
73,76
76,81
77,86
77,92
78,98
79,103
79,108
79,114
79,120
79,126
79,131
79,136
79,141
</s>
<s>
71,102
68,108
65,114
61,117
58,121
53,124
48,126
</s>
<s>
82,104
86,107
94,113
102,118
110,123
115,125
121,127
127,128
133,130
138,131
143,132
149,133
154,133
</s>