<s>
57,25
60,29
61,34
61,39
61,44
61,49
58,55
55,59
52,63
49,67
</s>
<s>
60,24
66,23
72,22
77,22
82,22
88,22
91,26
91,32
89,38
88,44
87,50
87,55
90,59
94,62
99,65
104,65
109,65
114,65
119,65
</s>
<s>
35,89
42,89
48,89
56,89
64,89
71,89
77,89
83,90
89,90
95,91
101,91
107,91
113,91
119,92
126,93
131,93
136,94
</s>
<s>
76,71
77,76
77,81
78,86
78,92
79,97
79,103
79,109
79,115
79,121
79,127
78,132
</s>
<s>
75,98
70,102
66,105
63,109
59,112
54,115
50,118
45,120
</s>
<s>
82,96
88,98
92,101
98,107
104,111
110,115
116,119
124,123
130,127
139,132
145,134
150,135
155,136
</s>