<s>
68,32
68,37
68,43
68,48
68,53
68,58
67,63
65,68
62,72
</s>
<s>
69,33
74,32
79,32
85,32
91,32
97,32
102,32
102,37
100,43
99,48
97,53
97,58
97,63
101,67
106,67
112,67
117,67
122,67
</s>
<s>
55,89
61,91
68,91
80,89
87,89
94,89
100,89
105,89
111,89
117,89
123,89
129,89
135,89
</s>
<s>
82,71
85,76
86,82
86,88
87,93
87,100
87,107
87,113
87,119
87,124
87,130
87,135
</s>
<s>
84,93
81,99
77,102
74,106
70,110
66,113
61,116
</s>
<s>
87,94
92,97
96,100
100,104
109,109
115,113
121,117
127,121
133,125
144,128
149,131
154,133
160,135
165,136
</s>