<s>
67,41
70,45
71,50
71,55
71,60
71,65
70,70
67,74
64,78
60,82
</s>
<s>
71,39
77,39
84,39
90,39
96,39
101,39
102,45
101,51
100,56
98,61
98,66
98,71
98,77
103,79
108,79
113,79
118,78
124,78
</s>
<s>
41,100
46,100
52,100
58,99
65,98
72,98
79,98
86,98
92,98
97,97
103,96
108,96
114,95
119,94
124,94
</s>
<s>
83,82
84,88
85,93
85,99
86,104
87,109
87,114
87,119
87,124
88,130
88,135
88,141
87,146
86,151
</s>
<s>
78,102
78,108
75,113
72,117
66,125
58,131
55,135
51,139
46,142
</s>
<s>
95,104
101,108
109,113
115,119
121,123
127,127
133,131
139,135
144,138
149,140
154,141
160,142
165,142
</s>