<s>
66,36
67,42
68,48
68,53
66,58
64,63
62,69
59,73
</s>
<s>
69,37
74,37
79,37
84,37
90,37
96,37
100,40
100,45
98,50
97,56
97,63
97,68
98,73
103,75
110,76
116,76
123,76
128,76
</s>
<s>
49,98
54,98
59,98
66,98
73,98
86,98
94,100
101,100
113,102
119,102
124,102
</s>
<s>
88,82
88,87
88,92
88,99
88,106
88,111
88,116
88,122
88,128
88,134
87,139
</s>
<s>
85,101
82,106
79,112
74,117
70,121
65,125
</s>
<s>
90,104
94,107
99,112
105,116
111,120
117,124
123,128
129,132
137,136
143,140
151,144
158,145
166,147
172,148
177,149
</s>