<s>
69,35
70,40
70,45
70,50
70,55
69,61
68,66
65,70
62,74
</s>
<s>
71,35
76,34
81,34
86,34
92,35
98,35
104,36
106,42
105,47
104,52
103,57
102,62
102,68
107,72
112,74
118,74
124,74
129,74
135,74
</s>
<s>
54,89
61,90
74,92
86,94
96,94
106,94
116,96
126,96
136,98
143,98
149,98
154,98
</s>
<s>
87,79
88,84
88,89
88,94
88,100
88,106
88,112
88,117
88,124
88,129
88,134
88,139
88,144
</s>
<s>
83,98
79,102
75,106
71,110
67,114
64,118
60,121
56,125
51,127
</s>
<s>
90,100
93,105
97,108
101,111
105,114
110,118
114,121
120,123
125,125
130,126
135,127
</s>