<s>
63,38
65,43
65,48
66,53
66,58
66,63
65,68
63,73
60,77
</s>
<s>
66,36
71,35
77,35
83,35
88,35
93,35
97,38
97,43
97,48
96,54
96,60
96,65
101,66
107,67
113,68
</s>
<s>
46,91
51,91
57,91
65,91
73,91
85,93
92,93
98,94
103,94
108,94
114,94
119,94
125,94
131,94
</s>
<s>
84,76
84,81
84,86
84,92
84,97
84,102
84,107
85,114
85,119
85,124
85,129
85,135
</s>
<s>
79,96
75,99
71,102
67,105
62,109
57,112
51,115
46,117
40,118
35,119
</s>
<s>
91,97
95,102
99,106
105,110
111,114
119,118
125,124
133,126
141,130
152,133
160,135
171,138
177,139
182,141
</s>