<s>
64,32
65,37
65,42
64,47
61,51
58,55
55,60
51,63
47,66
43,69
</s>
<s>
68,31
73,30
78,28
83,27
88,26
92,29
92,34
92,40
92,45
91,50
90,55
90,60
95,61
102,62
107,63
113,63
119,64
</s>
<s>
43,89
48,89
53,89
58,88
64,88
70,88
77,88
83,88
88,88
94,88
99,88
106,88
112,88
117,87
122,87
</s>
<s>
84,74
84,80
84,85
84,90
84,96
84,102
84,108
84,114
84,120
84,126
85,131
85,136
85,141
</s>
<s>
78,92
75,97
70,101
66,104
62,107
57,110
53,113
49,116
45,120
41,123
</s>
<s>
89,92
92,97
96,100
100,103
106,107
114,112
118,115
123,118
128,119
134,122
140,125
146,127
</s>