<s>
58,43
61,47
61,53
61,59
61,64
59,69
57,74
54,78
51,82
</s>
<s>
62,45
67,45
73,44
78,44
84,44
91,44
96,44
101,44
102,49
101,54
99,59
97,64
97,69
97,75
100,79
105,81
110,81
116,80
121,78
</s>
<s>
45,100
51,100
58,100
65,100
72,100
79,100
87,102
93,102
101,104
106,104
111,105
116,105
121,105
</s>
<s>
76,81
77,86
78,91
79,96
80,101
80,107
80,112
80,117
80,124
80,130
80,136
80,141
80,146
</s>
<s>
76,106
73,112
68,116
63,120
59,124
56,128
51,130
47,133
42,134
</s>
<s>
83,109
87,112
92,115
96,118
102,122
111,127
120,131
128,133
134,135
140,136
147,138
152,139
</s>