<s>
65,40
68,44
69,50
69,55
69,60
69,65
68,70
66,75
62,80
58,84
</s>
<s>
71,41
78,40
83,40
89,40
96,40
102,40
107,40
110,44
109,50
107,56
106,62
106,68
108,73
113,75
118,75
124,75
129,75
135,73
</s>
<s>
39,101
45,101
50,101
58,101
70,99
80,99
88,99
98,99
105,99
113,99
119,99
125,99
131,99
136,99
142,99
</s>
<s>
87,86
88,91
89,97
89,102
89,108
90,114
90,119
90,124
90,129
89,135
89,140
88,145
</s>
<s>
83,103
82,109
79,113
75,117
71,121
66,124
62,127
57,130
53,133
</s>
<s>
96,104
99,108
104,113
108,116
116,121
122,125
130,130
135,132
140,134
145,136
151,137
</s>