<s>
65,30
66,36
67,41
68,46
68,51
68,56
66,61
63,66
60,70
56,73
</s>
<s>
67,29
72,30
78,31
83,31
88,32
94,34
99,34
104,34
109,34
109,40
106,46
104,51
103,56
102,62
102,67
105,72
109,75
115,76
121,76
127,76
</s>
<s>
39,99
46,99
53,99
67,99
81,99
89,99
96,99
102,99
107,99
112,99
117,98
122,98
</s>
<s>
78,80
78,85
79,90
79,96
80,101
80,106
80,111
80,117
80,122
80,128
80,133
80,139
80,144
79,149
</s>
<s>
75,106
71,109
66,114
62,117
57,121
52,123
48,126
43,127
</s>
<s>
82,106
87,108
93,111
99,115
105,119
111,123
119,127
127,131
135,135
148,138
159,141
164,142
169,144
</s>