<s>
58,35
59,40
59,45
59,50
56,55
53,60
49,64
45,67
</s>
<s>
63,35
68,34
73,33
78,32
83,31
88,30
93,30
93,35
93,40
93,46
93,51
93,56
99,57
104,58
109,58
116,58
</s>
<s>
48,82
53,82
60,82
66,82
74,80
80,80
86,80
91,80
97,80
102,80
107,79
112,79
117,79
</s>
<s>
73,59
75,64
75,69
76,74
76,80
77,85
77,90
77,96
77,101
77,106
77,112
77,117
77,122
77,127
</s>
<s>
74,86
70,89
66,92
61,96
55,99
51,102
46,105
41,107
</s>
<s>
79,85
83,89
87,93
91,96
96,99
102,101
108,103
113,104
118,105
125,107
130,108
135,109
</s>