<s>
101,49
104,55
109,60
112,64
115,68
</s>
<s>
94,80
100,79
107,79
113,79
119,79
125,79
137,79
142,78
</s>
<s>
130,90
128,95
125,99
121,108
115,115
111,119
106,125
104,131
96,142
87,147
83,150
77,152
72,152
</s>
<s>
99,100
103,105
107,110
110,114
114,118
121,126
125,130
129,133
139,135
144,135
</s>
<s>
65,60
69,65
74,73
78,77
</s>
<s>
57,90
62,91
67,91
73,91
78,92
80,97
75,101
71,104
66,109
72,112
73,118
70,122
67,126
64,130
60,133
56,136
</s>
<s>
39,131
44,132
48,135
55,141
67,145
75,148
83,151
93,154
101,157
113,161
121,164
126,164
131,164
136,164
148,164
154,164
160,164
166,164
177,164
187,164
192,164
197,164
</s>