<s>
57,81
57,87
57,93
57,99
54,103
52,108
</s>
<s>
65,48
68,52
68,57
69,62
69,67
70,72
71,77
71,83
71,88
71,94
71,99
71,105
70,111
68,117
67,122
65,127
64,132
62,137
60,142
57,146
54,150
</s>
<s>
78,89
83,92
87,96
</s>
<s>
98,50
99,55
99,61
99,66
99,71
99,78
99,83
99,88
100,94
100,100
100,105
100,112
100,117
100,122
99,127
99,132
98,137
98,142
98,147
</s>
<s>
107,91
113,92
118,95
</s>
<s>
134,40
134,45
134,50
134,55
135,62
135,67
136,72
137,77
138,82
139,88
139,94
140,99
141,104
141,109
142,116
143,121
143,127
144,133
144,139
144,144
144,152
</s>