<s>
67,84
67,90
66,95
65,100
62,105
57,110
53,113
48,115
</s>
<s>
82,58
83,63
83,68
84,74
85,79
85,84
85,90
85,95
85,100
84,106
83,111
83,116
82,121
78,127
76,133
74,138
71,142
66,145
</s>
<s>
91,89
96,92
99,97
</s>
<s>
106,57
105,62
105,68
105,74
105,79
105,85
105,92
105,98
105,103
105,109
105,114
105,119
105,125
106,131
107,136
107,142
</s>
<s>
109,91
112,95
116,99
119,103
</s>
<s>
132,62
132,67
132,73
132,78
132,83
132,89
132,94
132,99
133,104
134,109
134,115
134,121
134,128
135,135
136,140
136,145
136,150
136,155
</s>