<s>
37,73
39,78
40,83
40,88
40,93
41,98
41,103
41,108
41,114
41,119
39,124
</s>
<s>
62,42
62,47
62,52
62,58
62,63
62,69
62,74
62,79
62,84
62,89
62,95
62,100
62,105
61,110
60,115
60,120
59,125
58,130
57,135
56,140
53,144
50,148
46,151
42,154
39,158
34,163
</s>
<s>
74,81
78,85
81,89
84,94
86,99
87,104
88,109
89,114
</s>
<s>
99,53
99,58
99,64
99,69
99,75
99,81
99,87
99,92
99,97
99,102
99,107
99,112
99,117
99,123
99,128
99,134
99,139
99,144
99,149
</s>
<s>
103,78
107,81
111,85
115,89
118,93
121,99
123,104
</s>
<s>
135,34
135,39
135,45
135,51
135,57
135,63
135,69
135,75
135,80
135,85
135,90
135,96
135,101
135,106
135,111
135,117
135,122
135,127
135,133
135,138
135,143
135,148
135,153
135,159
135,164
135,169
135,174
</s>