<s>
41,81
41,87
41,92
41,97
41,102
41,107
41,112
41,117
39,122
36,127
33,132
</s>
<s>
70,46
70,51
70,56
70,61
70,66
70,71
70,78
70,83
70,89
70,94
70,100
70,105
70,110
70,116
70,121
70,127
70,132
70,138
69,143
67,148
64,152
62,157
58,161
55,166
51,169
48,173
44,176
</s>
<s>
74,82
77,86
83,92
87,96
90,102
93,106
95,111
97,116
</s>
<s>
106,56
106,61
106,66
106,71
106,76
106,81
106,86
106,91
106,96
106,101
106,107
106,112
106,118
106,123
106,129
106,135
106,141
106,146
106,151
</s>
<s>
112,82
116,85
124,91
129,94
133,98
136,102
139,106
141,111
</s>
<s>
146,46
146,52
146,58
146,64
146,70
146,75
146,80
146,85
146,91
146,96
146,102
146,107
146,114
146,120
146,126
146,131
146,136
146,142
146,147
146,153
146,158
146,164
146,170
147,175
147,180
</s>