<s>
42,84
42,89
42,94
42,100
41,105
41,110
40,115
38,120
35,125
32,130
</s>
<s>
70,53
70,59
70,64
70,69
70,74
70,79
70,84
70,90
70,96
70,101
70,107
70,112
69,118
68,123
68,128
67,133
66,138
65,143
63,148
61,153
58,159
55,163
52,167
48,170
43,175
</s>
<s>
79,97
82,101
85,105
88,109
91,114
92,119
</s>
<s>
99,77
100,82
100,87
100,92
100,97
100,103
100,108
100,115
100,122
100,127
100,133
100,138
100,143
</s>
<s>
105,93
110,98
116,103
120,107
126,112
132,116
136,121
139,125
141,130
142,135
</s>
<s>
143,54
145,63
145,71
147,79
147,85
147,96
147,104
147,112
147,120
147,126
149,135
149,143
149,151
149,159
149,167
149,175
149,183
149,193
149,209
149,217
149,228
149,234
</s>