<s>
41,85
41,90
41,95
41,100
41,105
39,110
38,116
36,121
35,126
33,131
32,137
30,142
</s>
<s>
58,49
58,54
59,59
59,65
59,70
59,75
59,80
59,85
59,90
59,95
59,100
59,105
59,110
59,115
59,121
58,126
58,131
57,136
54,142
51,147
48,151
45,155
41,159
37,163
33,167
</s>
<s>
67,94
71,97
74,101
77,105
80,110
82,115
84,120
</s>
<s>
97,56
97,62
97,67
97,72
97,77
97,83
97,89
97,94
96,99
96,104
96,109
96,114
96,119
96,124
96,129
96,134
95,139
94,145
94,150
</s>
<s>
106,93
111,95
116,100
120,104
123,108
126,113
129,117
</s>
<s>
143,47
143,52
143,57
144,62
144,67
144,72
144,78
144,84
144,89
144,95
144,100
144,105
144,110
144,115
144,120
144,126
144,132
144,137
145,142
145,148
146,153
146,159
146,165
146,171
</s>