<s>
48,79
49,84
49,89
49,94
49,99
49,104
49,109
48,114
46,119
43,123
40,127
</s>
<s>
76,48
76,53
76,59
77,65
77,71
78,76
78,81
78,87
78,93
78,98
78,103
78,108
78,113
76,119
76,124
75,129
73,134
71,139
69,145
65,149
59,156
55,160
51,164
47,168
43,172
</s>
<s>
80,83
84,87
87,92
90,96
93,101
96,106
97,111
100,116
</s>
<s>
108,62
108,68
108,74
108,80
108,86
108,91
108,96
108,101
108,106
108,111
108,116
108,122
108,128
108,133
108,138
108,143
108,149
</s>
<s>
114,88
118,91
121,95
127,101
130,105
133,110
136,115
141,121
</s>
<s>
146,41
146,47
147,53
148,59
148,64
149,69
149,74
149,80
149,86
149,91
149,96
149,103
149,108
149,113
149,119
149,124
149,129
149,134
149,141
149,146
149,151
149,157
149,163
148,168
147,174
146,179
</s>