<s>
33,76
34,81
35,86
35,91
35,96
36,101
36,107
36,112
35,117
34,122
32,127
</s>
<s>
66,49
66,55
66,61
66,66
66,71
66,77
66,83
66,88
66,93
66,99
66,105
66,110
65,115
65,120
64,126
62,131
60,136
57,141
55,146
52,150
49,155
46,159
42,163
38,167
34,170
</s>
<s>
82,84
85,88
88,93
90,98
92,103
93,108
93,113
94,118
94,123
</s>
<s>
102,58
103,63
104,68
105,73
106,78
106,84
106,89
106,94
106,100
106,105
106,110
106,115
106,120
106,125
106,130
106,135
106,140
105,145
105,150
104,155
</s>
<s>
113,89
117,93
120,98
122,103
124,109
127,113
128,118
</s>
<s>
141,45
141,50
141,55
141,62
141,68
141,73
141,78
140,84
140,89
140,94
140,99
140,104
140,110
139,115
139,122
138,129
138,135
138,141
138,147
138,152
138,159
138,164
138,172
</s>