<s>
54,81
55,86
55,92
56,97
56,102
56,108
56,113
55,118
54,123
52,128
51,133
49,138
</s>
<s>
74,53
74,59
74,65
74,71
73,77
72,82
72,87
71,92
71,97
71,102
71,107
71,113
71,119
70,124
70,130
69,136
68,141
67,146
65,151
64,156
62,161
59,166
56,170
52,174
</s>
<s>
87,93
88,98
90,103
92,108
94,114
97,120
99,125
100,130
</s>
<s>
117,68
117,74
117,79
117,84
117,90
117,96
117,101
117,107
117,112
117,118
117,124
117,129
117,134
117,140
117,146
117,151
</s>
<s>
128,87
129,93
132,99
136,103
139,109
140,114
143,119
</s>
<s>
163,45
163,50
163,56
163,61
163,66
163,72
163,78
163,83
163,89
163,94
163,99
163,104
163,109
163,115
163,120
163,125
164,130
164,135
164,141
165,146
165,151
167,157
168,162
168,167
169,173
170,178
170,183
</s>