<s>
50,95
50,100
50,105
50,110
51,115
51,121
51,126
48,130
46,135
44,140
</s>
<s>
75,63
75,70
75,75
75,81
75,88
75,93
75,98
75,103
74,108
74,113
73,118
72,123
71,128
70,133
67,139
64,144
61,148
58,152
54,156
50,159
47,163
43,167
39,171
</s>
<s>
77,92
80,96
83,101
86,106
88,111
90,116
92,121
94,126
95,131
</s>
<s>
104,73
104,78
104,83
104,89
104,95
104,100
104,105
105,111
105,116
105,121
105,126
105,132
105,138
105,143
105,149
105,154
</s>
<s>
110,89
113,93
118,98
122,103
128,110
131,115
135,119
138,124
</s>
<s>
145,44
145,50
146,55
146,60
146,66
146,72
146,79
146,85
146,90
146,97
145,104
145,110
145,116
145,122
145,127
145,133
145,139
145,145
145,152
145,158
145,163
146,168
147,173
147,178
148,183
149,188
149,193
</s>