<s>
46,72
46,77
46,83
46,89
46,94
46,99
45,104
43,109
41,114
39,119
</s>
<s>
73,46
73,52
73,57
73,63
74,69
75,75
75,81
75,86
75,92
75,98
74,104
74,110
73,115
72,121
71,127
69,132
68,137
66,142
63,147
57,155
51,162
47,166
43,170
38,175
34,179
</s>
<s>
79,86
82,90
86,94
92,101
95,106
98,110
101,115
104,120
106,125
</s>
<s>
114,66
114,72
114,77
114,84
114,89
114,95
114,100
114,106
114,111
114,117
114,122
114,129
114,134
114,140
114,146
114,151
114,156
114,161
</s>
<s>
122,88
126,92
131,97
134,101
138,105
141,110
144,115
</s>
<s>
153,60
154,67
156,76
156,86
156,92
156,98
156,104
156,109
156,114
156,119
156,124
156,129
156,135
157,141
157,146
157,152
157,158
157,164
157,169
157,175
157,181
158,186
</s>