<s>
52,84
52,89
52,94
52,99
52,104
51,109
49,114
47,119
45,124
41,128
37,132
</s>
<s>
72,58
73,63
73,69
73,74
73,79
73,85
73,90
73,96
73,101
73,106
73,111
73,116
73,122
73,128
72,133
70,138
68,143
66,148
63,153
60,157
56,161
52,165
</s>
<s>
82,87
85,92
88,97
90,102
92,107
94,112
95,117
97,122
</s>
<s>
103,63
103,69
103,74
103,79
103,85
103,91
103,97
103,102
103,107
103,113
103,118
103,124
103,129
103,134
103,139
103,144
</s>
<s>
102,91
107,93
112,96
115,100
118,105
120,110
123,115
125,120
</s>
<s>
137,50
136,56
135,62
135,67
135,73
134,79
134,84
134,90
134,95
134,100
134,105
134,111
134,117
134,122
134,127
134,132
134,137
133,143
133,149
133,154
133,160
133,166
</s>