<s>
51,83
51,88
50,93
49,98
48,103
46,108
45,113
43,118
42,124
39,128
</s>
<s>
71,49
72,54
73,60
73,65
74,70
75,75
75,80
75,85
74,90
73,95
73,101
72,107
71,112
69,117
68,123
66,128
64,133
62,138
59,142
56,146
53,150
50,155
46,159
42,163
38,167
34,171
</s>
<s>
78,94
82,97
85,102
87,107
89,112
91,117
92,122
93,127
94,132
</s>
<s>
107,64
107,69
109,76
109,82
109,87
109,93
109,98
109,103
109,108
109,113
109,118
109,123
107,128
107,133
106,138
106,143
106,148
</s>
<s>
113,92
118,95
121,99
125,102
128,107
130,113
132,118
133,123
</s>
<s>
141,48
141,54
141,59
141,64
141,70
141,76
141,81
141,87
141,93
141,99
141,105
141,110
141,115
141,121
141,127
141,133
141,139
141,145
141,156
141,161
141,166
141,171
142,176
</s>