<s>
57,88
57,93
56,98
54,103
51,108
48,112
</s>
<s>
67,52
68,57
69,64
69,69
70,74
71,80
71,85
71,90
71,95
71,102
69,108
69,113
67,118
65,123
62,128
59,134
57,139
</s>
<s>
77,85
82,88
</s>
<s>
95,43
95,49
95,54
94,61
93,68
92,73
92,80
92,87
92,94
92,99
92,105
92,110
92,116
92,121
92,127
92,132
92,137
</s>
<s>
102,85
106,90
110,93
114,98
</s>
<s>
126,38
126,43
126,50
125,56
124,62
124,67
124,73
124,79
124,86
124,92
124,98
124,103
124,109
124,114
124,119
125,125
126,132
127,137
127,142
128,147
</s>