<s>
49,79
51,85
52,90
54,95
55,101
55,106
55,111
55,116
53,121
52,126
50,131
</s>
<s>
81,50
82,56
83,62
83,68
83,73
83,78
83,84
83,89
83,94
83,99
83,104
82,110
80,117
78,122
76,127
75,133
72,137
68,142
65,146
61,150
57,154
50,161
46,164
43,168
</s>
<s>
92,88
95,92
98,97
104,105
106,110
108,115
110,120
112,125
</s>
<s>
121,62
121,67
121,73
122,78
123,84
123,90
124,96
124,101
125,106
125,111
125,116
125,121
124,127
123,132
123,137
122,143
122,149
122,154
</s>
<s>
131,88
135,92
139,95
144,101
147,106
150,111
152,116
154,121
157,125
</s>
<s>
161,44
164,50
166,55
167,61
167,67
168,72
168,77
168,83
168,88
168,93
168,98
168,103
168,108
168,113
167,118
167,125
167,130
167,139
167,147
167,156
167,161
167,166
167,171
</s>