<s>
51,76
51,81
51,86
52,91
52,96
52,101
52,106
51,111
49,116
47,121
45,126
</s>
<s>
78,46
78,52
78,57
78,63
78,69
78,75
78,80
78,86
78,91
78,97
78,102
77,108
76,113
76,118
75,124
74,129
72,134
70,139
67,143
64,147
60,151
57,155
53,158
50,162
</s>
<s>
91,83
95,89
98,93
101,97
104,101
106,106
</s>
<s>
110,59
110,64
110,70
110,76
110,81
110,87
110,92
110,97
110,103
110,109
110,115
110,120
110,125
110,130
110,135
110,140
</s>
<s>
122,80
125,85
128,89
131,95
134,100
136,106
138,111
</s>
<s>
148,40
148,45
148,50
148,56
148,61
148,67
148,73
148,78
148,83
148,88
148,93
148,98
148,103
148,108
148,115
148,120
146,128
146,133
146,138
145,144
145,149
145,155
145,160
</s>