<s>
46,90
46,95
46,100
46,105
46,110
46,115
46,120
44,125
41,129
39,134
</s>
<s>
73,54
74,59
76,64
76,69
77,74
77,80
77,85
77,91
77,96
77,102
76,108
75,114
75,119
75,124
75,129
74,134
74,140
72,146
69,151
66,156
63,160
59,163
55,167
52,171
49,175
</s>
<s>
90,92
92,97
94,102
96,107
98,112
100,117
102,122
</s>
<s>
107,65
109,71
110,76
110,81
111,86
111,91
112,97
112,102
112,107
112,112
112,117
112,122
112,128
110,133
110,138
110,144
109,149
</s>
<s>
115,91
119,95
122,99
124,104
130,111
132,116
133,121
</s>
<s>
143,37
143,42
143,48
143,53
143,58
143,63
143,69
143,75
143,81
144,86
145,91
145,96
145,102
145,107
145,112
145,117
145,122
145,127
145,133
145,139
145,144
146,149
146,155
146,160
147,165
148,170
148,175
</s>