<s>
50,72
52,77
54,82
57,87
</s>
<s>
45,160
51,152
53,147
55,139
60,129
62,123
64,117
66,111
70,105
</s>
<s>
103,43
104,49
105,55
106,60
106,74
106,81
106,88
106,95
106,100
106,106
106,111
106,117
105,122
105,127
105,135
105,140
105,146
105,151
105,157
105,162
101,158
97,149
94,144
</s>
<s>
71,76
76,77
81,78
87,78
92,78
97,79
98,84
95,89
88,96
85,104
79,118
77,124
71,128
69,134
63,140
58,146
55,150
</s>
<s>
127,71
124,75
120,79
116,83
112,87
102,92
</s>
<s>
109,111
113,115
117,121
119,127
123,133
127,137
131,143
138,151
142,157
146,163
156,171
</s>