<s>
71,84
77,83
82,82
87,80
91,76
96,76
102,75
108,75
113,75
118,75
123,75
128,75
134,79
139,79
</s>
<s>
101,45
102,50
102,55
102,61
102,71
102,78
102,90
101,95
100,101
100,106
100,111
</s>
<s>
49,125
55,125
60,125
66,123
73,121
80,121
86,121
92,121
97,121
107,119
112,118
117,118
125,118
134,118
139,118
147,118
153,118
158,118
164,117
170,117
</s>
<s>
102,126
97,132
94,139
89,145
84,154
80,164
76,172
73,176
79,175
87,175
99,175
111,175
122,175
</s>
<s>
123,162
126,167
131,172
134,176
136,181
</s>