<s>
64,83
69,83
74,83
80,83
86,83
91,83
96,83
101,83
106,82
111,82
117,81
122,81
127,81
132,80
</s>
<s>
96,45
95,50
94,55
94,60
94,66
94,72
94,78
94,83
94,88
94,93
94,99
94,104
94,109
94,114
94,120
</s>
<s>
28,127
33,127
38,127
46,127
56,127
61,127
66,127
73,127
85,127
92,125
100,123
109,123
115,122
120,122
125,122
133,122
140,122
145,122
151,123
92,128
</s>
<s>
92,128
89,133
86,137
83,141
80,145
78,150
74,154
71,158
68,163
73,166
79,164
90,162
100,160
108,158
113,157
118,156
</s>
<s>
110,143
113,148
119,156
124,163
129,170
133,174
</s>