<s>
105,38
110,41
113,45
117,48
122,53
</s>
<s>
90,64
97,64
102,64
114,66
127,66
134,66
141,66
146,66
151,66
</s>
<s>
140,75
139,80
138,85
135,90
132,95
129,99
126,103
123,108
119,113
116,117
113,122
110,126
106,130
102,133
</s>
<s>
95,81
100,83
104,87
109,92
112,96
116,99
120,103
123,107
127,111
131,114
135,117
139,120
144,123
150,124
155,126
</s>
<s>
56,44
57,49
61,55
63,61
66,65
</s>
<s>
53,77
59,78
65,78
70,78
75,79
76,84
73,88
69,93
66,97
72,98
77,98
76,103
72,108
69,112
66,116
62,119
</s>
<s>
34,112
39,113
43,116
51,121
57,125
68,130
74,132
80,136
86,138
92,142
98,144
104,146
109,148
114,149
119,150
125,151
130,152
136,153
141,153
146,153
152,153
</s>