<s>
104,52
109,56
112,61
115,66
</s>
<s>
93,77
98,77
104,78
109,78
115,78
120,78
132,78
138,78
144,77
151,76
156,75
</s>
<s>
131,86
129,91
127,97
124,103
121,108
117,113
114,117
110,120
105,121
</s>
<s>
99,93
104,94
108,97
113,102
118,105
122,109
131,114
135,118
141,121
146,122
158,122
164,122
</s>
<s>
68,67
72,70
75,74
</s>
<s>
56,90
61,90
67,90
73,90
78,90
83,90
81,95
78,99
74,102
79,102
84,102
86,107
82,111
77,114
73,117
</s>
<s>
49,117
55,116
61,117
67,120
73,122
78,124
83,127
88,128
94,130
104,132
110,133
116,134
121,134
129,134
136,134
142,134
147,134
152,133
157,132
162,131
</s>