<s>
99,40
104,43
107,48
110,54
</s>
<s>
85,70
91,70
96,70
103,70
111,70
119,70
127,70
133,70
138,70
143,70
</s>
<s>
129,80
129,85
128,90
126,95
122,101
120,106
117,112
113,117
110,123
107,128
103,132
98,136
93,140
</s>
<s>
93,88
99,91
103,96
106,100
110,106
114,110
119,115
123,119
127,122
133,125
139,127
144,128
149,128
154,128
</s>
<s>
48,54
52,58
54,63
56,68
</s>
<s>
47,81
52,81
58,81
64,82
69,83
68,88
64,93
60,97
57,101
63,103
69,105
73,108
71,113
66,116
61,121
57,125
</s>
<s>
29,127
35,127
45,130
64,135
70,139
78,141
86,143
92,147
100,149
111,154
117,155
122,157
128,157
133,157
138,157
144,157
150,157
156,157
161,157
167,157
</s>