<s>
95,50
100,50
103,54
106,58
109,63
</s>
<s>
80,76
85,75
90,74
96,74
101,74
107,74
112,74
117,73
122,73
127,73
132,72
137,72
143,72
</s>
<s>
124,84
124,89
123,94
120,100
117,106
115,111
111,116
108,120
105,124
101,127
97,131
93,135
89,139
</s>
<s>
88,93
93,96
97,100
101,106
106,111
110,114
114,118
119,122
123,126
127,129
132,132
137,134
</s>
<s>
50,57
54,61
57,66
</s>
<s>
39,72
44,73
49,73
54,74
57,78
53,84
50,90
48,95
53,96
59,96
63,99
60,104
57,108
54,112
51,117
</s>
<s>
18,120
24,120
29,122
37,124
43,128
51,130
59,134
67,138
77,144
83,148
93,154
104,159
110,163
116,165
121,166
126,166
131,167
136,167
141,167
146,167
153,167
158,167
163,167
</s>