<s>
110,44
113,48
116,52
120,57
125,61
</s>
<s>
97,73
102,73
107,73
113,73
120,73
126,73
132,73
138,73
143,73
148,73
153,73
159,73
164,72
169,72
174,71
</s>
<s>
141,87
141,92
140,97
137,104
134,109
131,113
128,117
125,122
121,127
117,131
113,135
109,139
105,142
</s>
<s>
103,95
109,99
113,104
117,108
121,112
125,116
128,120
132,123
136,127
140,131
144,134
149,136
154,139
159,139
164,140
</s>
<s>
52,46
55,50
58,55
61,59
</s>
<s>
45,69
50,69
55,69
62,70
67,70
72,70
77,70
73,75
68,79
64,82
60,85
57,89
53,93
59,94
64,94
70,94
76,94
81,94
77,98
73,101
69,105
64,109
61,113
57,117
52,122
48,125
</s>
<s>
21,123
26,123
31,123
37,125
42,126
47,128
52,130
56,133
62,135
72,141
79,143
86,146
91,148
96,150
102,152
109,154
116,156
122,157
128,158
134,159
140,159
146,159
151,159
156,159
162,158
167,157
</s>