<s>
104,45
108,48
111,52
</s>
<s>
92,64
97,64
102,64
108,64
114,64
124,64
129,64
135,64
140,63
</s>
<s>
127,69
126,74
124,79
119,90
117,96
112,102
109,106
105,112
100,115
95,117
82,118
</s>
<s>
100,80
106,83
109,88
116,95
118,101
124,106
128,110
132,114
140,120
148,124
152,128
158,130
163,130
168,130
176,126
</s>
<s>
70,52
72,57
75,61
</s>
<s>
61,75
66,75
71,76
75,80
72,84
69,88
74,90
78,93
76,98
72,102
68,105
63,110
58,113
</s>
<s>
45,113
50,113
55,113
60,115
68,117
74,120
79,122
85,124
90,126
96,129
108,133
113,134
118,134
124,136
133,138
145,140
152,141
158,141
168,137
176,135
182,132
</s>