<s>
101,40
104,44
106,49
108,54
111,59
112,64
</s>
<s>
78,72
84,72
89,72
95,72
101,72
106,71
111,71
117,70
123,70
128,70
133,70
138,70
143,70
148,70
</s>
<s>
128,80
127,85
125,91
122,96
119,101
116,105
111,109
107,113
104,117
100,121
95,124
90,127
86,130
82,133
77,135
73,138
</s>
<s>
84,85
88,88
92,92
96,96
100,100
105,105
109,108
113,112
118,116
122,119
127,121
132,124
138,126
143,128
148,129
</s>
<s>
46,47
46,52
49,56
</s>
<s>
37,76
42,76
48,76
53,76
58,75
55,80
51,84
48,88
44,92
47,96
52,96
56,100
52,106
49,112
45,116
</s>
<s>
16,120
21,120
27,120
36,124
41,125
46,127
54,131
60,133
66,137
72,141
80,145
86,149
94,153
102,155
108,159
114,160
125,163
131,164
137,166
143,167
150,168
158,168
166,170
173,170
178,170
183,170
</s>