<s>
98,44
103,45
107,49
110,53
113,57
</s>
<s>
86,71
91,70
97,70
102,69
108,68
115,67
121,67
127,66
132,65
137,65
142,64
</s>
<s>
128,72
129,77
129,82
126,86
124,92
120,98
117,102
114,106
111,111
107,117
102,121
97,125
93,129
88,132
83,135
</s>
<s>
89,81
92,85
96,89
100,93
104,97
109,102
113,106
117,110
122,114
127,117
132,120
137,123
143,124
148,125
153,125
</s>
<s>
48,53
51,57
54,62
</s>
<s>
33,75
39,75
45,75
51,75
56,75
62,75
67,75
67,81
63,84
58,89
54,92
51,96
56,96
61,96
68,96
72,99
69,103
65,108
61,112
58,117
</s>
<s>
24,121
29,121
35,121
41,124
48,127
54,130
59,131
64,133
69,134
74,136
79,137
84,139
90,140
95,141
101,142
106,143
112,143
117,144
123,145
129,145
134,145
140,145
145,145
151,145
157,144
163,143
168,142
</s>