<s>
101,34
104,40
107,44
110,48
113,52
</s>
<s>
82,65
87,64
93,62
99,61
105,61
110,60
116,60
122,60
129,59
134,58
139,58
144,57
</s>
<s>
133,69
131,74
127,79
124,85
121,89
118,94
115,98
111,102
106,107
102,110
98,114
93,117
87,120
82,122
</s>
<s>
92,74
98,78
101,82
104,86
108,90
116,98
120,102
128,108
133,113
138,117
144,120
150,122
155,125
</s>
<s>
48,38
50,43
53,47
56,51
</s>
<s>
42,67
47,66
53,66
60,66
65,66
65,71
60,76
56,80
52,84
59,86
64,86
69,86
67,92
62,96
57,100
54,104
</s>
<s>
23,108
28,107
34,107
39,107
45,108
50,110
54,113
60,115
66,119
71,121
79,125
84,126
90,128
95,128
101,128
107,129
113,130
118,131
124,131
130,131
135,131
141,131
147,131
153,129
159,128
164,127
</s>