<s>
106,39
108,44
110,49
111,54
113,59
</s>
<s>
84,84
90,83
95,83
101,83
108,83
113,83
118,83
123,83
128,82
133,82
138,81
144,81
149,81
</s>
<s>
129,103
127,108
125,113
122,118
119,123
116,127
112,131
108,134
104,137
100,141
95,144
90,146
</s>
<s>
92,102
97,105
100,110
104,113
108,117
112,120
116,124
120,129
124,132
128,135
132,138
137,139
148,142
156,144
164,148
176,150
</s>
<s>
40,62
44,65
47,70
50,74
</s>
<s>
35,90
41,90
46,90
52,90
58,90
63,90
61,95
57,99
54,103
51,107
47,111
54,113
60,113
65,113
62,119
57,124
54,129
51,135
48,139
</s>
<s>
23,141
29,141
35,141
41,141
46,142
54,144
65,147
75,151
80,152
85,154
90,155
97,157
102,158
107,159
117,162
123,162
131,164
137,164
144,164
150,164
156,164
161,163
165,159
</s>