<s>
106,53
109,57
112,62
115,66
</s>
<s>
87,88
93,85
100,84
105,83
111,83
116,82
121,81
126,80
132,78
137,77
142,77
</s>
<s>
130,97
129,102
127,107
124,113
121,117
118,121
115,125
111,130
107,134
103,138
99,141
</s>
<s>
90,98
94,102
97,106
101,110
106,113
109,117
112,121
116,125
120,128
125,131
129,134
134,135
139,136
</s>
<s>
45,62
49,67
52,71
</s>
<s>
39,86
45,85
51,85
56,85
61,85
66,85
63,89
60,93
57,97
54,102
52,107
57,107
62,107
67,107
67,112
64,116
61,121
58,125
55,130
</s>
<s>
31,133
37,133
42,134
47,135
52,137
58,139
63,141
69,144
74,146
80,148
85,149
90,151
95,152
101,153
106,153
112,154
117,154
122,154
128,154
133,154
138,153
143,153
148,152
153,151
</s>