<s>
115,40
120,43
123,47
126,51
</s>
<s>
103,66
108,66
113,66
118,66
123,66
128,66
133,66
143,66
149,66
154,65
</s>
<s>
141,76
139,81
136,85
134,90
127,97
123,102
120,106
115,112
110,119
106,123
102,127
95,129
</s>
<s>
113,74
115,79
120,84
127,92
130,98
134,102
142,112
145,116
152,118
157,118
</s>
<s>
79,49
82,54
83,59
</s>
<s>
71,71
76,71
82,71
87,71
84,78
79,81
74,86
69,89
65,93
71,93
76,93
81,93
79,99
73,106
70,110
67,114
</s>
<s>
49,116
54,119
60,122
66,125
74,128
86,132
92,134
96,138
101,139
109,142
123,147
128,148
137,150
142,150
153,150
165,150
173,150
184,150
192,150
198,150
</s>