<s>
98,33
102,37
106,42
108,47
110,52
</s>
<s>
76,69
82,69
88,69
94,69
101,69
107,69
113,69
119,69
125,68
131,67
136,67
141,66
</s>
<s>
121,82
121,87
120,93
117,99
114,103
111,108
108,112
104,116
100,119
96,123
91,125
</s>
<s>
84,88
87,92
90,96
94,102
97,107
100,111
104,114
108,118
112,122
116,125
120,128
125,130
130,133
135,134
141,136
</s>
<s>
40,51
44,54
47,59
</s>
<s>
39,73
44,72
51,71
57,69
62,69
59,73
56,77
53,82
50,87
48,92
53,94
58,94
59,99
56,104
</s>
<s>
33,108
39,109
44,111
50,112
55,114
61,118
67,120
75,126
80,128
85,130
89,133
93,136
100,139
106,141
111,142
117,144
123,146
129,147
135,148
141,150
146,150
152,149
158,148
</s>