<s>
95,38
100,41
103,47
109,55
112,60
</s>
<s>
80,71
85,71
90,71
100,71
108,71
116,71
124,71
130,71
135,71
</s>
<s>
119,82
118,87
115,93
112,97
108,103
103,110
99,116
95,121
91,124
86,128
82,133
77,137
73,140
</s>
<s>
80,89
84,92
88,96
92,100
96,104
100,108
104,112
109,117
113,121
117,124
121,127
126,130
131,132
137,134
142,134
</s>
<s>
35,46
39,51
42,55
</s>
<s>
31,70
38,70
43,70
49,70
55,70
54,75
46,80
41,83
37,87
33,90
29,93
34,94
39,94
45,94
51,94
51,99
48,105
44,109
41,113
</s>
<s>
11,121
17,121
23,123
31,127
40,132
48,134
57,139
68,144
76,149
85,154
93,156
99,157
107,159
113,160
119,161
126,162
136,162
144,164
154,164
164,166
178,166
185,166
191,166
</s>