<s>
125,33
127,38
130,42
133,47
</s>
<s>
112,63
117,61
122,60
127,59
132,58
137,57
142,57
147,56
152,56
157,55
162,55
167,55
</s>
<s>
151,70
152,76
151,82
149,87
148,92
146,97
142,101
139,106
135,109
130,113
127,117
121,120
115,124
109,126
104,127
</s>
<s>
121,77
124,83
129,88
133,91
140,97
143,101
147,105
151,108
155,111
160,114
166,117
171,119
176,120
</s>
<s>
78,36
78,41
79,46
</s>
<s>
65,64
70,64
75,64
80,63
85,62
90,61
88,66
84,70
81,75
78,80
74,83
78,87
83,85
88,84
90,89
87,93
82,97
78,101
74,105
70,109
</s>
<s>
47,112
53,112
58,113
63,115
69,117
75,119
80,122
85,123
91,126
96,127
101,129
107,130
112,132
117,133
122,135
128,136
133,138
138,138
143,138
149,138
154,138
159,139
164,139
170,139
175,139
181,138
186,137
</s>