<s>
108,48
111,53
114,58
116,63
118,68
</s>
<s>
95,82
100,82
106,82
113,82
120,82
126,82
132,82
137,82
142,82
147,82
152,81
</s>
<s>
136,100
134,105
131,109
128,114
125,119
122,123
119,127
115,131
112,135
108,138
104,141
99,142
</s>
<s>
107,101
110,105
113,110
116,114
119,120
122,124
125,130
129,134
134,138
139,141
143,144
149,148
155,151
160,153
</s>
<s>
56,62
59,67
62,72
64,77
</s>
<s>
50,88
56,88
63,88
68,88
73,88
78,88
74,91
70,95
65,98
61,102
58,106
64,107
69,107
74,106
72,112
69,118
66,122
63,126
60,130
57,134
</s>
<s>
32,133
37,134
42,136
47,137
53,139
59,142
64,144
70,147
76,149
81,150
86,152
92,153
97,155
103,156
108,158
114,159
120,160
125,161
130,162
135,162
140,162
145,162
150,162
156,162
161,162
166,162
172,160
</s>