<s>
101,43
105,46
109,51
112,56
115,60
</s>
<s>
83,70
88,70
94,70
107,72
123,74
137,74
147,74
155,74
161,74
166,74
</s>
<s>
141,86
140,91
137,95
134,101
130,105
126,110
123,115
119,119
115,123
111,126
107,130
102,133
96,137
91,139
</s>
<s>
96,83
101,88
104,93
107,97
110,101
113,105
116,109
119,114
122,118
126,123
130,127
135,130
140,132
</s>
<s>
45,48
49,52
51,57
54,61
</s>
<s>
43,79
49,79
54,79
60,79
66,79
67,84
63,89
59,92
55,96
52,100
58,103
63,103
69,103
67,109
63,114
60,119
</s>
<s>
26,128
32,128
37,129
45,131
51,133
57,135
63,139
73,143
84,148
95,151
103,153
111,155
119,157
125,158
136,160
148,162
156,162
164,162
171,162
176,162
181,161
</s>