<s>
106,36
111,41
114,46
117,51
119,56
</s>
<s>
89,68
94,68
100,68
107,68
115,68
120,68
125,68
131,68
136,68
141,68
146,67
151,67
156,66
</s>
<s>
144,80
144,85
143,90
140,94
138,99
135,103
132,108
129,112
126,116
122,119
118,123
114,126
111,130
107,133
102,135
</s>
<s>
99,84
104,87
107,92
111,96
114,100
118,103
122,107
126,111
130,115
134,118
138,121
144,124
150,125
155,127
160,128
165,128
</s>
<s>
58,50
59,55
62,60
64,65
</s>
<s>
46,77
51,77
57,76
63,76
70,76
75,76
80,76
77,81
73,85
69,89
66,93
63,97
66,101
71,101
76,100
80,103
75,108
71,111
68,115
66,120
62,123
</s>
<s>
35,118
42,118
47,118
54,120
60,122
65,125
69,128
74,130
81,133
87,137
95,139
103,141
111,143
121,145
129,147
139,151
147,153
155,155
166,158
172,159
177,161
183,161
188,161
194,161
199,161
204,160
</s>