<s>
114,45
119,49
123,55
125,60
128,64
</s>
<s>
96,83
101,82
107,81
112,81
118,81
124,80
129,80
136,79
141,78
147,78
152,77
158,77
163,77
</s>
<s>
145,89
145,95
143,100
140,105
138,110
135,114
132,119
128,123
124,127
120,131
116,134
111,137
106,139
101,141
</s>
<s>
109,98
114,101
119,105
123,109
127,113
130,117
134,121
138,125
143,128
148,130
152,133
158,136
164,139
</s>
<s>
49,49
52,54
55,58
59,64
62,69
</s>
<s>
47,83
53,83
59,82
64,82
69,82
65,85
62,89
59,93
55,96
53,101
59,102
65,102
70,104
70,109
67,115
63,120
59,124
</s>
<s>
28,130
33,130
38,130
45,130
51,131
56,133
62,135
67,136
71,139
76,141
80,144
85,145
92,147
97,148
103,149
108,151
114,151
119,152
124,152
131,152
136,152
141,152
146,152
151,151
157,150
163,150
168,149
173,148
</s>