<s>
124,48
126,53
130,58
133,62
136,66
</s>
<s>
112,77
118,77
123,77
128,76
133,76
138,76
143,76
149,75
155,75
160,75
166,75
171,75
</s>
<s>
160,87
157,92
155,98
152,102
149,106
145,110
142,115
137,119
134,123
129,125
124,127
119,128
114,129
</s>
<s>
121,90
126,92
131,95
135,98
140,101
145,104
149,107
153,110
158,113
163,115
168,117
173,118
179,119
184,120
</s>
<s>
73,54
76,59
79,63
</s>
<s>
67,75
73,75
78,75
83,74
80,78
75,83
71,87
67,91
64,95
69,95
74,95
79,95
84,95
87,99
84,103
81,107
78,111
75,115
72,119
</s>
<s>
39,119
45,119
50,119
55,119
61,119
67,122
72,125
79,127
85,130
91,132
96,134
102,138
108,140
114,142
121,143
127,145
133,146
138,148
143,148
149,149
154,149
159,149
164,149
169,149
174,148
</s>