<s>
46,100
51,99
61,96
69,93
75,91
81,89
87,88
</s>
<s>
75,61
76,67
77,74
77,79
77,85
77,91
77,96
77,101
77,107
76,113
74,120
73,125
73,130
73,135
73,140
73,145
71,151
71,156
71,161
69,156
67,150
64,144
62,138
</s>
<s>
41,146
45,142
51,140
55,136
59,132
65,130
69,126
75,122
83,114
87,111
</s>
<s>
94,67
100,69
105,69
115,70
124,72
130,72
135,72
140,72
140,77
139,83
136,89
134,94
133,99
</s>
<s>
110,77
109,82
108,87
107,92
106,97
</s>
<s>
90,101
97,101
103,101
109,101
114,101
</s>
<s>
92,85
92,91
92,96
91,101
89,114
89,120
89,125
89,131
90,136
93,140
97,143
102,145
108,147
113,147
119,149
134,149
140,151
145,151
150,152
154,148
155,141
155,135
</s>