<s>
37,69
42,69
52,69
66,69
78,67
90,67
96,67
89,76
84,81
79,86
87,91
95,93
100,97
102,102
100,110
98,118
95,127
92,135
89,139
85,136
56,84
</s>
<s>
56,84
56,89
56,97
54,109
54,120
54,128
54,138
54,147
54,152
54,157
54,163
54,169
54,174
</s>
<s>
119,95
119,100
119,105
119,110
119,120
119,130
119,140
119,146
</s>
<s>
119,90
124,90
129,89
135,87
140,87
146,87
151,87
157,87
159,92
158,99
158,104
157,116
157,121
157,131
157,137
157,142
</s>
<s>
121,115
133,115
143,115
148,115
</s>
<s>
127,144
136,144
148,146
153,146
</s>