<s>
46,49
51,49
61,51
67,51
72,51
77,51
83,51
82,57
76,61
68,65
64,69
69,72
78,77
85,83
91,90
94,98
96,106
95,111
91,115
87,119
78,116
71,111
</s>
<s>
59,62
59,74
59,80
59,88
57,97
57,105
56,110
54,118
54,124
54,129
54,134
54,139
56,146
56,152
56,157
56,164
56,169
106,75
</s>
<s>
106,75
106,81
107,86
109,92
109,102
111,111
111,116
109,126
109,131
</s>
<s>
111,73
117,73
125,73
130,73
135,73
135,78
135,86
135,95
137,106
139,115
141,123
141,128
142,133
</s>
<s>
110,104
120,106
132,106
137,106
</s>
<s>
114,129
125,129
133,131
</s>