<s>
42,66
47,66
57,66
67,66
78,66
87,64
92,64
88,71
81,78
77,82
71,88
67,92
61,96
65,99
71,101
79,105
84,107
88,111
91,120
91,125
90,130
84,136
79,136
72,134
68,129
</s>
<s>
50,88
51,93
52,98
54,106
54,116
54,126
54,136
54,142
54,154
54,160
54,165
</s>
<s>
103,89
103,98
103,109
103,119
103,124
103,129
103,134
</s>
<s>
107,84
113,85
124,85
129,85
134,85
136,93
135,98
135,108
135,121
135,134
135,144
135,150
</s>
<s>
110,115
115,115
120,115
99,139
</s>
<s>
99,139
108,137
115,135
123,133
128,133
</s>