<s>
43,79
48,79
53,79
63,79
72,77
78,77
83,77
82,82
78,86
74,89
70,92
66,96
72,97
78,99
82,103
84,108
84,113
82,118
77,123
72,125
68,122
</s>
<s>
50,91
50,96
50,102
50,112
50,122
50,127
50,132
50,139
50,144
50,149
51,154
51,159
52,164
52,169
93,98
</s>
<s>
93,98
91,108
91,114
89,120
89,125
87,133
87,140
87,146
</s>
<s>
93,89
100,89
105,89
113,91
118,91
121,96
121,105
121,116
123,124
123,134
123,140
123,146
</s>
<s>
100,121
105,121
110,121
91,150
</s>
<s>
91,150
98,148
103,148
109,148
116,146
</s>