<s>
38,75
43,77
48,77
57,79
62,79
67,79
73,80
78,79
85,76
79,82
75,86
79,89
83,93
84,98
85,103
84,108
82,114
78,120
74,125
71,129
67,126
63,122
61,115
61,110
</s>
<s>
54,88
54,94
54,104
54,114
54,126
54,136
54,142
54,147
54,153
54,158
54,163
99,91
</s>
<s>
99,91
99,96
98,101
98,106
98,111
98,116
98,121
98,127
</s>
<s>
101,90
113,90
126,88
140,84
145,83
145,89
145,94
143,100
143,111
143,123
143,133
143,141
143,147
</s>
<s>
102,110
107,110
118,110
127,109
132,108
135,112
</s>
<s>
99,150
105,149
113,146
122,144
127,144
</s>