
41,66<s>
41,66
46,66
51,66
59,66
68,66
78,66
83,66
88,66
85,71
79,77
72,84
68,88
62,92
57,95
63,96
69,96
73,100
79,103
83,112
83,117
82,122
78,126
74,129
69,130
65,126
62,121
</s>
<s>
44,81
46,90
48,100
48,113
48,123
48,128
48,138
48,147
48,152
48,157
48,162
47,167
102,87
</s>
<s>
102,87
102,92
102,100
100,110
98,120
96,130
95,135
99,84
</s>
<s>
99,84
105,84
110,84
116,84
122,85
127,86
132,86
135,90
135,96
135,104
135,113
133,123
131,132
131,137
126,138
122,133
</s>
<s>
100,112
105,112
111,112
116,112
</s>
<s>
104,132
109,133
117,133
122,133
</s>