<s>
39,73
45,73
55,72
62,70
70,68
73,72
68,82
63,87
58,92
54,96
64,97
71,100
78,102
82,105
83,110
83,115
79,120
76,124
71,124
68,119
63,114
47,85
</s>
<s>
47,85
47,96
49,103
49,113
49,122
49,130
49,139
49,148
49,154
49,160
49,165
49,170
49,175
88,93
</s>
<s>
88,93
88,99
90,105
90,115
90,126
90,132
90,140
90,145
</s>
<s>
87,84
92,83
97,83
107,79
117,77
122,77
122,83
122,91
122,103
122,114
122,127
122,137
122,142
122,147
</s>
<s>
100,119
106,119
112,119
</s>
<s>
90,147
95,147
103,147
113,147
118,147
</s>