<s>
36,71
43,72
49,72
57,70
68,69
73,69
78,69
75,77
72,81
68,85
64,89
74,93
81,95
84,100
85,107
81,117
76,125
72,129
65,121
61,117
55,110
51,107
</s>
<s>
47,86
47,98
47,107
47,112
47,121
47,128
47,133
47,140
46,145
46,151
46,156
46,162
46,168
46,173
</s>
<s>
87,90
88,95
90,102
92,109
92,119
94,127
94,132
94,139
95,144
</s>
<s>
91,90
97,90
107,90
119,90
124,90
126,96
126,101
126,109
126,118
126,128
125,133
124,138
</s>
<s>
97,112
103,112
115,112
119,116
</s>
<s>
96,140
102,141
107,142
115,142
120,142
</s>