<s>
40,97
49,95
55,93
63,93
69,91
77,89
92,85
97,82
</s>
<s>
84,66
84,73
84,84
84,98
84,106
84,118
82,124
80,132
80,138
79,143
78,155
73,151
71,145
69,139
66,131
</s>
<s>
39,134
44,129
50,127
56,121
62,117
78,109
84,105
88,101
96,98
</s>
<s>
99,70
110,70
118,70
126,70
134,70
142,70
153,70
158,70
157,76
155,81
152,87
149,95
147,100
</s>
<s>
134,78
133,83
131,88
129,93
127,98
</s>
<s>
113,100
120,100
125,100
134,98
143,96
151,96
156,96
</s>
<s>
106,95
104,101
104,109
102,115
100,123
100,131
98,137
98,143
98,149
99,154
102,158
107,159
119,160
130,160
141,160
155,160
161,160
166,160
169,155
170,150
171,145
</s>