<s>
46,79
51,85
54,91
57,95
</s>
<s>
53,164
54,158
58,152
60,146
62,140
64,134
70,124
72,119
</s>
<s>
116,55
118,63
118,68
120,80
120,88
120,96
122,104
122,112
122,123
124,137
124,143
124,148
126,158
127,163
127,168
127,174
127,179
127,184
127,189
120,183
115,178
108,173
</s>
<s>
99,109
104,109
109,110
113,113
112,118
109,124
103,132
100,137
93,145
87,153
82,159
78,165
</s>
<s>
160,96
157,100
151,106
147,109
144,113
</s>
<s>
129,121
134,127
138,133
142,137
146,141
156,151
162,157
166,161
172,167
176,171
182,177
</s>