<s>
49,85
55,93
59,99
</s>
<s>
48,174
52,164
56,160
60,154
66,148
70,144
74,138
84,128
86,122
89,118
</s>
<s>
121,55
123,60
124,65
125,70
125,76
125,86
125,91
125,96
125,111
125,118
125,132
125,137
125,149
125,154
125,164
125,169
125,174
125,179
125,184
125,189
123,182
121,176
116,168
112,158
</s>
<s>
89,97
95,98
100,98
108,98
113,98
117,101
117,107
116,112
114,118
112,124
104,138
102,144
99,150
93,154
91,159
</s>
<s>
158,75
157,81
155,86
152,90
149,96
146,100
</s>
<s>
126,113
130,120
135,126
138,131
142,137
145,141
149,146
152,151
156,154
</s>