<s>
49,74
52,78
55,83
58,92
60,98
62,105
63,110
63,115
63,121
63,127
63,139
63,144
</s>
<s>
73,82
86,80
94,80
104,80
114,80
124,80
134,80
144,80
154,80
162,78
168,76
180,74
182,80
178,89
178,94
175,110
175,117
174,122
173,127
171,136
171,141
168,147
165,151
157,148
153,142
149,138
143,130
137,124
131,116
127,110
</s>
<s>
101,83
99,88
96,93
92,97
89,101
86,105
</s>
<s>
123,80
122,85
118,94
116,99
115,104
115,110
118,114
131,119
138,119
143,119
</s>
<s>
70,138
75,137
81,135
89,135
99,135
109,135
125,133
133,133
138,133
</s>