<s>
(83,76)
(85,80)
(87,86)
(87,89)
(87,91)
(88,93)
(89,95)
(89,96)
</s>
<s>
(34,116)
(36,116)
(39,116)
(42,116)
(52,116)
(62,116)
(72,114)
(96,110)
(106,108)
(121,108)
(133,108)
(149,106)
(157,106)
(163,104)
(165,103)
(166,103)
(166,102)
</s>
<s>
(64,146)
(64,147)
(64,148)
(63,149)
(62,151)
(61,152)
(60,153)
(60,154)
(56,158)
(55,159)
(54,160)
(53,160)
(53,161)
(52,161)
</s>
<s>
(141,144)
(145,148)
(146,149)
(148,150)
(149,152)
(150,153)
(151,154)
(152,155)
(153,155)
(153,156)
(154,156)
(154,157)
</s>