<s>
43,65
44,71
46,76
48,82
48,91
50,97
50,107
52,115
54,123
54,128
54,134
54,140
54,146
</s>
<s>
52,69
57,69
65,69
76,69
85,69
90,69
96,69
101,67
107,67
112,67
118,67
123,67
128,67
133,66
138,66
141,72
141,83
143,93
144,105
144,115
146,121
146,126
147,131
147,137
147,142
147,147
</s>
<s>
84,84
84,90
82,95
79,101
76,106
72,111
</s>
<s>
108,74
108,81
108,91
106,101
106,111
107,116
111,119
117,121
122,122
54,150
</s>
<s>
54,150
65,151
77,151
91,151
102,151
112,151
122,151
132,151
141,151
146,151
</s>