<s>
52,89
54,95
55,100
55,109
57,115
59,123
61,132
61,141
62,146
62,151
62,156
</s>
<s>
55,86
60,86
68,86
80,86
86,84
96,84
102,82
112,80
122,80
133,78
138,78
143,78
148,78
154,78
159,78
161,83
159,90
159,100
159,106
159,116
159,121
159,126
159,131
159,136
159,141
159,146
158,151
</s>
<s>
80,84
82,89
83,95
83,100
83,105
83,111
81,116
75,123
72,128
69,132
</s>
<s>
108,88
108,95
108,100
110,105
114,109
117,115
122,120
127,123
133,125
139,127
149,129
154,129
71,157
</s>
<s>
71,157
76,157
86,155
101,155
116,155
129,155
135,153
143,153
149,153
</s>