<s>
45,81
45,86
45,91
45,96
45,101
45,106
44,111
44,116
44,121
42,127
40,132
</s>
<s>
70,49
70,54
70,59
70,64
70,69
70,74
69,80
68,85
68,90
67,96
66,101
66,107
65,112
64,117
63,122
62,127
61,132
59,137
58,142
56,147
55,152
52,157
49,161
46,165
43,170
40,174
</s>
<s>
80,85
82,90
85,95
88,100
90,106
92,111
93,116
</s>
<s>
101,62
101,68
102,73
103,78
103,83
103,88
103,93
104,98
104,103
104,108
104,113
104,118
104,124
103,129
103,134
103,139
103,144
</s>
<s>
113,84
117,88
119,93
122,97
125,101
128,106
131,111
134,116
136,121
</s>
<s>
143,42
144,47
145,53
145,59
145,64
145,69
145,76
145,81
145,87
145,93
145,99
145,105
145,110
145,115
145,121
145,127
145,132
145,138
145,143
145,148
146,155
147,160
148,165
</s>