<s>
49,92
50,97
50,102
50,107
48,112
46,117
44,122
41,127
</s>
<s>
69,54
69,59
69,64
69,69
69,75
69,80
69,85
69,90
69,95
68,100
68,105
68,110
68,115
68,120
67,125
67,130
66,135
65,140
62,145
59,149
56,153
53,157
50,161
47,165
44,169
</s>
<s>
82,89
83,94
85,99
86,104
87,109
88,114
89,119
91,124
93,129
</s>
<s>
106,55
106,60
107,66
107,71
107,76
108,82
108,87
109,92
109,97
109,102
109,108
109,114
109,120
109,125
109,130
109,135
109,140
109,145
109,150
109,155
109,160
</s>
<s>
119,86
122,90
125,96
128,101
131,106
134,111
137,116
139,122
</s>
<s>
152,54
153,59
153,64
154,70
154,75
155,80
156,85
156,90
156,95
156,100
156,106
156,112
156,117
156,122
156,127
156,132
156,138
156,143
156,148
156,153
156,158
157,163
</s>