<s>
59,78
60,83
60,88
60,93
60,98
59,103
57,108
53,112
</s>
<s>
71,46
71,52
71,57
71,62
71,68
71,73
71,78
71,83
71,88
71,93
71,98
70,103
69,108
69,113
67,118
65,123
64,128
61,133
58,138
54,142
</s>
<s>
79,86
84,89
85,94
</s>
<s>
92,50
94,56
94,63
95,70
95,75
95,81
95,86
95,92
95,97
95,102
95,108
95,114
95,120
95,125
95,130
95,135
</s>
<s>
102,80
104,85
106,90
109,95
</s>
<s>
122,40
122,46
122,51
122,57
122,63
122,69
122,75
122,81
122,86
122,91
122,96
122,103
122,109
122,114
122,119
122,124
122,129
122,134
122,139
122,144
122,149
</s>