<s>
53,94
53,99
52,104
49,110
46,114
</s>
<s>
58,63
61,67
62,72
64,78
64,85
65,91
65,96
65,101
65,106
65,111
64,116
62,122
60,128
57,134
53,139
45,147
37,152
33,155
</s>
<s>
71,96
74,100
77,104
</s>
<s>
93,57
94,62
94,67
94,73
94,79
94,84
94,91
95,98
95,103
95,110
95,117
95,123
95,129
95,134
95,140
95,147
95,153
95,158
</s>
<s>
105,104
108,108
</s>
<s>
130,55
130,60
131,66
131,73
131,78
131,83
131,88
131,93
131,99
131,104
131,109
131,114
131,119
131,124
131,130
131,135
131,140
131,146
130,151
130,157
130,163
</s>