<s>
41,78
41,83
41,88
41,94
40,99
39,104
38,109
36,114
34,119
</s>
<s>
65,44
65,49
66,55
67,60
67,65
67,70
67,75
67,80
67,85
67,90
67,95
67,101
67,106
67,111
67,116
67,121
67,126
67,131
65,136
62,140
59,144
56,148
52,152
48,155
44,159
40,163
36,167
</s>
<s>
81,84
84,88
88,93
91,98
93,103
95,108
96,113
97,118
</s>
<s>
108,53
109,59
110,67
111,73
111,78
112,83
112,89
112,94
112,99
112,104
112,110
112,115
112,121
111,126
110,131
110,136
110,142
110,147
</s>
<s>
123,84
126,88
130,91
133,95
136,100
138,105
139,110
</s>
<s>
154,38
154,43
154,49
154,55
155,60
156,66
156,71
157,76
158,81
158,86
158,91
159,97
159,103
159,108
159,113
159,119
159,124
159,129
159,135
159,140
159,146
159,151
159,157
160,162
</s>