<s>
65,99
65,104
63,109
60,114
57,118
53,121
</s>
<s>
72,68
74,73
74,78
74,83
75,89
75,96
74,101
74,106
73,113
71,119
69,126
67,131
64,135
60,141
55,145
51,149
</s>
<s>
80,101
84,104
87,108
</s>
<s>
96,65
96,70
97,75
98,81
98,87
98,94
98,99
98,104
98,109
98,115
98,120
98,125
98,131
98,136
98,141
98,147
98,153
</s>
<s>
108,101
111,105
</s>
<s>
130,60
130,65
130,71
130,76
131,82
132,87
132,93
132,98
132,103
132,108
131,113
131,120
130,127
130,132
130,137
130,142
130,148
130,153
130,159
130,164
</s>