<s>
57,88
57,93
57,99
57,104
57,109
54,113
50,116
</s>
<s>
68,58
70,63
72,68
73,73
73,79
73,84
73,89
73,94
73,100
73,106
73,113
71,119
69,124
67,129
63,135
60,140
</s>
<s>
78,91
83,93
87,97
91,101
</s>
<s>
100,55
101,60
101,65
101,71
101,76
102,83
103,88
103,93
104,98
104,104
104,109
104,115
104,120
104,125
103,130
103,135
103,140
</s>
<s>
111,90
116,93
119,97
</s>
<s>
140,47
140,53
140,59
140,66
140,73
140,78
140,83
140,88
140,93
140,98
139,106
138,111
137,117
137,122
136,129
136,136
136,142
135,147
134,154
</s>