<s>
45,86
45,91
45,96
45,101
45,106
45,111
43,116
42,122
39,127
37,132
</s>
<s>
69,48
69,53
69,59
69,64
69,70
69,76
69,81
69,86
69,91
69,96
69,101
69,106
69,111
68,117
67,122
67,127
66,132
65,137
63,142
62,147
60,152
57,156
54,161
52,166
49,170
46,174
</s>
<s>
81,89
84,94
87,99
90,103
92,109
94,114
96,119
</s>
<s>
109,52
109,57
109,63
109,69
109,75
109,81
109,86
109,91
109,97
109,102
109,107
109,112
109,117
109,122
108,127
108,132
108,137
107,142
106,148
106,153
105,158
</s>
<s>
118,85
122,89
126,93
131,98
137,105
140,111
143,115
145,120
147,125
</s>
<s>
147,48
147,53
147,58
147,64
147,69
148,74
149,80
149,86
149,91
149,96
149,101
149,106
149,111
149,117
149,122
149,127
149,132
149,137
151,147
152,153
152,159
153,165
</s>