<s>
63,86
63,91
63,96
63,101
62,106
59,110
56,115
52,118
</s>
<s>
77,54
79,60
81,65
81,70
81,75
81,81
81,86
81,93
81,98
81,105
81,111
78,117
76,123
73,127
70,132
66,136
62,140
58,143
</s>
<s>
90,88
94,93
97,97
</s>
<s>
108,53
108,58
108,63
109,70
110,75
110,80
111,85
111,90
111,95
111,100
112,105
113,112
113,117
113,122
113,127
113,132
113,139
113,144
</s>
<s>
119,92
123,95
126,100
</s>
<s>
137,51
139,56
139,62
139,67
140,73
140,78
140,83
140,88
141,94
141,99
142,104
142,110
142,117
142,122
142,127
142,134
142,140
143,145
143,151
</s>