<s>
45,82
46,87
47,92
47,97
47,102
47,107
47,112
47,117
47,122
47,127
45,132
42,137
</s>
<s>
62,51
62,56
62,61
62,66
62,71
62,76
62,81
62,86
63,92
63,97
64,102
64,107
65,112
65,117
65,122
65,127
65,133
65,138
65,144
63,149
61,154
58,159
54,163
51,168
48,172
44,175
</s>
<s>
78,84
81,89
84,93
86,98
89,102
91,107
91,112
93,117
</s>
<s>
101,64
102,70
102,76
102,82
102,87
102,93
102,98
102,103
102,108
102,113
102,118
102,123
102,128
102,133
102,138
102,143
102,148
102,153
</s>
<s>
109,88
114,90
118,94
123,99
126,104
129,109
130,114
131,119
</s>
<s>
144,47
144,52
144,58
144,64
144,72
144,77
144,84
144,90
144,95
144,100
144,105
144,110
144,116
144,121
144,126
144,131
144,138
144,143
144,148
144,154
144,160
144,166
144,172
144,177
144,182
</s>