<s>
64,89
64,95
64,100
64,106
61,110
58,115
54,119
</s>
<s>
81,63
81,69
81,74
81,79
81,84
81,90
81,96
81,101
80,106
79,113
78,118
77,124
74,131
70,137
66,143
63,147
58,150
52,152
</s>
<s>
90,95
92,100
94,105
95,110
</s>
<s>
108,62
108,67
108,73
108,79
108,84
108,89
108,95
107,101
107,108
107,114
106,120
105,125
105,130
105,136
105,141
104,147
</s>
<s>
114,95
117,99
119,105
</s>
<s>
137,56
137,62
137,67
137,72
137,77
137,84
136,90
136,95
136,102
135,108
134,114
133,121
133,127
132,132
132,137
131,142
130,147
130,153
129,158
129,163
128,168
</s>