<s>
61,89
61,94
61,100
60,105
58,110
55,114
51,117
</s>
<s>
71,55
72,60
73,65
74,71
75,76
75,82
75,88
75,93
75,100
74,106
73,111
72,117
71,122
68,127
65,132
61,137
56,142
51,144
</s>
<s>
81,93
86,96
90,100
95,103
</s>
<s>
98,56
99,63
99,68
99,73
99,79
100,84
100,89
100,94
101,99
101,104
102,109
102,115
103,121
103,128
103,134
103,139
</s>
<s>
104,84
108,89
112,94
115,98
</s>
<s>
134,46
134,51
134,56
134,62
134,68
134,74
134,80
134,85
134,92
134,98
134,103
134,110
134,117
134,122
134,129
134,135
134,140
133,146
133,151
</s>