<s>
35,87
35,92
35,97
35,102
35,107
34,112
33,117
31,122
29,127
26,131
23,135
</s>
<s>
60,48
61,53
61,58
61,64
61,69
61,74
61,79
61,84
61,89
61,95
61,101
60,107
60,113
59,119
59,125
58,130
57,135
57,140
55,145
53,150
50,155
46,158
42,162
38,166
33,169
</s>
<s>
69,87
73,91
77,95
81,99
83,104
86,108
87,114
89,119
90,124
</s>
<s>
103,58
103,64
103,70
103,75
103,82
103,87
103,93
103,98
103,103
103,108
103,114
103,119
103,124
103,129
103,134
103,139
103,145
103,150
103,155
103,160
103,166
102,171
</s>
<s>
109,83
113,87
116,91
120,96
123,101
126,107
128,113
</s>
<s>
140,47
141,53
141,58
141,63
142,69
143,75
144,80
144,85
144,90
144,95
145,100
145,105
146,110
146,117
146,123
146,128
147,133
147,138
149,146
149,151
150,157
150,162
151,167
151,172
</s>