<s>
45,93
46,99
46,105
44,110
43,115
40,120
37,125
</s>
<s>
50,58
51,63
51,69
51,76
51,82
51,88
51,93
51,99
51,105
51,110
50,116
48,122
46,128
45,133
43,139
41,145
38,149
35,153
</s>
<s>
60,98
63,104
66,108
</s>
<s>
74,57
74,62
74,67
74,74
74,80
74,87
74,94
74,102
74,110
74,117
74,123
74,129
74,134
74,140
74,146
74,151
</s>
<s>
82,95
83,100
86,106
89,110
</s>
<s>
103,56
103,61
103,67
103,72
103,78
103,83
103,90
103,95
103,100
103,106
103,111
103,116
103,121
103,126
103,131
103,136
103,141
103,146
103,151
103,156
103,162
</s>