<s>
59,76
59,81
59,86
60,91
60,96
60,101
60,106
60,111
58,116
56,121
53,125
</s>
<s>
85,46
85,52
85,58
86,63
86,68
86,74
85,79
85,84
84,90
84,95
83,100
82,105
80,110
78,115
77,120
77,125
75,131
72,136
70,142
67,146
64,150
60,153
56,156
51,158
</s>
<s>
90,87
93,91
96,95
99,99
102,104
105,109
107,114
108,119
</s>
<s>
113,61
114,66
114,71
114,77
114,82
114,87
115,92
115,97
115,102
115,107
115,112
115,117
115,122
115,127
114,132
114,137
114,142
</s>
<s>
123,90
127,94
130,98
132,103
135,107
137,113
140,118
</s>
<s>
147,40
147,46
148,52
150,60
152,69
152,74
152,79
152,84
152,90
152,95
152,101
152,108
152,113
152,119
152,124
152,129
152,134
151,139
151,145
150,150
150,155
150,160
150,165
150,171
</s>