<s>
53,90
53,95
53,100
51,105
49,110
47,115
43,119
</s>
<s>
62,55
62,61
63,67
64,72
65,77
65,82
66,87
66,92
67,97
68,103
68,108
69,113
69,119
69,125
69,131
69,137
69,142
69,148
68,155
67,161
</s>
<s>
77,95
81,98
</s>
<s>
96,54
97,59
97,65
98,71
100,79
100,86
102,94
104,106
105,113
105,119
106,124
107,130
107,135
107,140
107,145
107,150
</s>
<s>
115,93
119,96
122,100
125,105
</s>
<s>
136,45
136,52
136,57
136,63
136,70
136,77
136,83
136,88
136,93
136,98
136,105
136,110
136,117
136,123
136,128
136,133
136,139
136,145
136,152
137,158
</s>