<s>
35,83
36,88
37,93
37,98
38,103
40,108
41,113
42,118
43,123
</s>
<s>
58,55
58,60
59,66
59,72
59,77
59,82
59,87
60,92
60,98
60,103
60,108
60,114
59,119
59,124
58,130
57,135
57,140
55,145
53,150
50,154
47,158
44,162
40,165
36,169
</s>
<s>
68,89
71,93
73,98
76,102
79,107
82,112
85,117
87,122
</s>
<s>
100,64
100,69
100,76
100,81
100,87
100,92
100,97
100,102
100,108
101,114
102,119
102,124
102,129
102,134
102,140
102,146
102,152
102,157
102,162
</s>
<s>
113,96
117,100
120,104
124,108
127,112
130,117
133,121
</s>
<s>
146,50
147,56
148,62
148,67
150,73
151,79
151,85
152,91
152,97
152,103
152,109
152,114
152,119
152,124
152,129
152,134
152,140
152,146
152,152
152,159
153,164
154,169
154,174
154,179
</s>