<s>
53,80
53,85
53,90
53,95
52,100
49,104
46,109
43,113
</s>
<s>
68,52
69,57
70,63
70,68
71,73
72,79
72,84
73,89
73,94
73,101
73,106
71,111
67,117
64,122
60,126
56,130
47,135
</s>
<s>
80,84
85,87
89,90
93,94
</s>
<s>
101,54
102,60
102,65
103,70
103,76
104,81
105,87
106,94
108,105
108,112
108,118
108,124
108,130
108,135
108,141
108,146
108,151
107,156
</s>
<s>
113,90
117,93
121,97
124,101
</s>
<s>
136,56
136,63
136,70
136,75
137,81
137,86
138,91
138,98
138,105
138,112
138,118
138,124
138,129
138,135
138,141
138,146
138,151
138,157
138,162
</s>