<s>
51,72
56,72
61,72
72,70
84,70
94,69
99,69
105,68
110,67
119,65
126,63
131,63
141,61
146,61
151,60
158,60
164,60
158,65
154,68
150,71
</s>
<s>
74,89
78,92
84,94
88,98
</s>
<s>
72,108
76,112
80,115
</s>
<s>
55,142
60,143
69,143
77,141
87,140
96,139
101,138
107,136
112,136
118,134
124,134
129,133
135,132
140,131
145,131
</s>
<s>
100,81
102,86
102,91
103,96
103,101
103,106
102,111
101,116
98,121
97,126
94,131
92,137
89,142
86,146
83,150
79,154
75,157
71,160
66,162
</s>
<s>
105,152
111,153
115,156
120,158
124,161
</s>