<s>
54,64
60,64
70,64
79,64
84,64
89,64
95,63
103,61
108,61
114,61
124,59
131,57
136,57
141,56
146,56
142,63
137,68
130,73
126,76
</s>
<s>
75,85
79,90
83,93
63,109
</s>
<s>
63,109
67,112
70,116
74,119
</s>
<s>
43,140
48,139
53,138
58,137
65,137
71,135
78,135
85,134
91,133
98,131
103,131
109,129
114,128
121,127
132,125
141,125
146,125
104,85
</s>
<s>
104,85
103,90
102,96
102,101
101,107
100,112
97,118
94,123
90,133
84,143
82,148
80,153
76,157
73,161
69,165
</s>
<s>
121,153
125,161
130,166
136,170
141,175
</s>