<s>
50,61
55,61
60,61
72,61
82,61
92,61
98,61
105,60
111,60
117,60
122,60
128,60
133,60
138,60
143,60
148,60
146,65
142,68
</s>
<s>
66,87
73,91
80,96
85,98
91,104
</s>
<s>
61,105
66,107
71,111
76,116
80,119
</s>
<s>
51,136
57,135
65,135
77,133
90,131
102,130
114,129
122,129
127,129
132,129
137,128
142,128
</s>
<s>
107,85
107,90
106,95
106,100
105,105
102,111
101,116
97,126
95,133
92,139
90,144
87,149
85,154
82,158
79,162
74,166
71,170
67,173
62,174
</s>
<s>
113,148
121,152
130,157
137,163
141,167
147,169
151,172
</s>