<s>
45,80
54,82
59,82
69,82
79,82
84,82
90,80
96,79
101,79
107,79
113,78
119,78
124,78
129,78
134,78
139,78
138,83
134,87
130,90
</s>
<s>
67,98
74,103
81,108
88,113
65,122
</s>
<s>
65,122
74,125
79,127
</s>
<s>
42,149
47,149
55,149
65,149
78,149
88,149
96,149
102,149
107,149
112,148
117,147
122,146
127,146
132,146
</s>
<s>
102,104
102,109
102,115
102,120
101,125
99,130
96,135
93,139
89,144
86,148
83,152
78,158
75,162
72,166
68,170
62,176
58,179
</s>
<s>
91,161
96,161
107,163
111,167
119,167
</s>