<s>
45,72
50,72
62,72
67,72
72,72
78,71
83,71
88,70
97,66
102,66
107,65
112,64
117,63
122,63
127,62
133,62
138,62
143,62
138,66
132,68
127,73
</s>
<s>
61,93
69,96
76,101
83,106
87,109
</s>
<s>
65,116
70,119
76,121
83,124
</s>
<s>
46,148
51,148
56,148
64,146
74,142
84,140
94,138
104,138
112,138
117,138
122,136
127,136
</s>
<s>
99,90
101,95
101,101
101,107
101,113
101,119
101,125
101,130
100,135
99,140
98,145
95,149
92,154
89,158
86,162
82,166
78,169
74,172
</s>
<s>
110,156
116,161
123,165
127,170
</s>