<s>
49,70
55,70
60,70
68,70
78,70
88,70
95,70
100,70
107,70
113,70
118,70
125,70
130,70
135,70
141,69
146,69
141,75
137,78
133,81
</s>
<s>
59,92
64,94
71,98
75,101
79,104
59,114
</s>
<s>
59,114
69,118
75,120
</s>
<s>
43,149
48,149
58,149
69,149
82,149
95,149
108,149
118,147
128,147
134,147
139,146
144,145
</s>
<s>
102,90
102,95
102,100
102,106
102,111
101,117
99,122
96,131
95,137
93,142
91,147
88,152
85,156
82,160
78,164
74,167
70,170
66,173
62,176
</s>
<s>
116,160
127,164
141,169
153,174
161,177
</s>