<s>
112,42
115,46
119,50
</s>
<s>
99,71
104,70
109,69
114,68
120,66
128,66
134,64
143,62
151,60
159,60
164,58
</s>
<s>
153,73
152,79
148,83
145,87
140,93
134,101
131,106
127,110
118,116
113,118
</s>
<s>
117,78
120,82
127,89
130,93
136,101
140,105
145,111
150,115
154,118
159,118
</s>
<s>
66,47
70,53
73,57
</s>
<s>
63,77
68,76
74,76
79,75
84,74
80,79
76,82
71,87
67,90
72,90
77,88
83,88
88,88
85,92
80,96
77,100
73,103
68,107
</s>
<s>
54,103
59,103
65,104
71,107
77,109
91,114
97,118
105,121
113,124
119,126
129,130
135,132
140,132
146,134
151,134
161,134
167,134
175,131
181,131
195,125
</s>