<s>
51,48
50,54
48,60
46,65
43,69
40,73
37,78
33,82
29,86
</s>
<s>
28,56
33,58
38,62
43,66
47,70
51,75
54,82
56,87
56,92
56,98
56,104
55,110
54,117
52,122
51,127
44,119
</s>
<s>
48,79
47,84
44,89
40,94
37,99
33,102
28,104
</s>
<s>
62,75
68,75
74,73
85,71
92,70
99,69
105,69
111,68
116,68
121,67
</s>
<s>
91,52
91,57
91,62
91,67
91,72
90,78
89,83
87,88
84,92
81,96
78,100
75,104
71,108
67,111
62,114
</s>
<s>
99,73
99,78
99,83
99,88
98,93
98,98
98,103
98,108
100,113
103,117
108,120
113,121
118,122
123,123
129,123
135,123
137,118
136,113
</s>
<s>
108,44
114,47
117,51
121,56
</s>