<s>
51,54
51,59
50,65
47,72
45,77
41,83
39,88
36,92
32,97
27,101
22,105
18,109
14,112
</s>
<s>
21,77
26,77
31,79
36,81
41,83
47,87
51,90
55,95
58,99
60,105
61,111
61,116
61,122
60,127
59,132
57,138
56,143
52,140
</s>
<s>
47,94
47,100
45,106
42,112
40,117
38,122
35,126
31,130
</s>
<s>
68,92
74,92
80,91
86,90
98,88
110,86
118,86
125,86
132,86
138,86
143,86
</s>
<s>
99,61
100,66
100,71
101,77
101,83
101,88
101,93
100,98
98,104
96,110
94,116
91,120
87,124
83,128
78,130
74,133
</s>
<s>
113,88
113,94
113,100
113,106
113,112
113,118
113,124
114,130
117,134
121,137
127,140
132,141
139,141
145,141
151,141
156,141
157,135
156,130
</s>
<s>
127,60
132,63
135,68
</s>