<s>
49,48
47,54
45,59
42,65
39,69
36,74
32,78
28,82
24,85
</s>
<s>
28,63
33,66
39,69
43,73
46,78
47,83
48,88
49,93
49,98
49,103
49,108
47,113
46,118
44,123
</s>
<s>
41,81
42,86
41,91
39,96
36,100
33,104
29,108
</s>
<s>
57,74
62,73
69,73
74,73
80,73
87,73
92,73
97,73
102,72
107,71
</s>
<s>
70,47
72,52
74,58
75,63
76,68
76,73
76,79
76,85
74,90
72,95
70,100
67,105
64,109
61,115
57,118
</s>
<s>
84,75
84,80
84,86
84,92
84,97
84,102
84,107
85,112
89,115
94,117
100,118
105,120
112,122
118,122
123,122
125,116
125,110
</s>
<s>
91,47
94,51
</s>