<s>
48,48
46,54
44,60
40,66
38,71
34,75
31,80
27,84
23,88
19,92
</s>
<s>
28,63
33,64
36,69
40,73
43,79
46,83
48,88
49,93
50,98
50,103
50,109
50,114
49,119
48,124
40,116
</s>
<s>
39,82
39,87
39,92
38,98
35,102
32,106
</s>
<s>
69,74
74,73
79,73
85,72
90,72
95,71
100,70
105,69
110,69
115,68
120,68
125,67
</s>
<s>
91,54
91,60
91,65
91,70
90,76
89,82
87,87
86,92
83,97
81,102
77,105
74,110
69,112
64,115
60,118
</s>
<s>
101,74
101,79
101,84
101,89
101,94
101,99
101,104
101,110
102,115
105,119
109,122
114,124
120,125
127,125
132,126
137,126
142,126
147,126
148,120
147,113
</s>
<s>
109,42
111,47
114,51
</s>