<s>
45,54
46,59
46,64
46,69
45,74
43,80
40,84
38,90
34,94
31,98
</s>
<s>
28,74
33,75
37,79
43,82
48,87
52,91
55,95
57,100
58,106
58,112
58,117
58,123
58,129
58,134
56,139
</s>
<s>
49,95
47,100
46,105
44,110
41,115
37,120
32,125
</s>
<s>
69,85
74,85
80,84
85,84
90,84
95,83
100,83
106,82
111,81
116,81
121,80
126,80
</s>
<s>
94,58
94,64
94,69
93,75
93,80
92,85
91,90
90,95
88,100
86,105
84,110
81,115
78,120
75,124
70,126
</s>
<s>
100,84
100,89
100,94
100,100
100,105
100,111
101,117
102,123
104,129
107,133
111,136
117,136
122,136
127,136
132,136
137,136
142,136
147,136
147,130
146,125
142,115
</s>
<s>
108,52
112,55
115,60
</s>