<s>
48,42
48,47
48,52
48,58
47,64
44,69
42,75
38,79
34,84
30,87
26,92
22,95
18,98
</s>
<s>
20,66
26,70
30,73
35,78
40,82
44,86
46,92
48,98
49,103
51,109
51,114
51,119
51,124
51,130
50,135
48,141
41,133
</s>
<s>
43,93
44,98
42,104
39,110
35,115
32,120
28,123
24,126
21,130
</s>
<s>
59,86
64,86
69,86
75,85
82,85
89,85
96,85
102,85
108,85
113,85
119,83
125,83
131,82
</s>
<s>
80,61
81,67
81,73
81,78
81,85
81,92
81,97
78,103
75,109
72,113
69,117
65,122
61,125
</s>
<s>
94,86
94,91
94,96
94,101
94,106
94,111
94,116
94,121
95,126
96,131
98,136
102,139
109,139
115,140
121,141
128,142
134,143
139,143
</s>
<s>
96,54
100,58
103,62
</s>