<s>
44,60
44,66
41,71
38,75
34,80
31,84
27,87
23,91
18,93
14,96
</s>
<s>
14,68
19,68
24,71
28,74
33,78
36,82
40,86
43,92
46,97
47,102
48,107
49,113
49,118
49,123
49,128
47,133
46,138
42,135
</s>
<s>
39,92
40,97
40,102
38,107
35,113
31,118
27,121
</s>
<s>
61,84
66,83
71,83
76,82
81,82
86,82
91,81
97,80
103,79
108,79
113,78
119,77
</s>
<s>
83,56
83,62
84,68
84,74
85,80
85,86
85,91
85,97
84,103
84,109
82,114
79,119
77,124
74,129
70,133
65,135
58,136
</s>
<s>
97,82
98,88
98,93
99,99
100,104
101,110
101,115
103,120
105,125
109,128
114,129
119,130
125,130
131,131
138,131
143,131
146,127
144,121
141,110
139,102
</s>
<s>
100,54
104,58
107,62
</s>