<s>
47,51
47,57
45,63
43,68
40,74
37,78
34,82
31,86
28,90
24,93
20,96
</s>
<s>
20,65
26,67
30,70
34,74
38,77
42,81
46,86
49,90
50,95
51,101
51,107
51,113
51,118
51,123
50,128
50,133
48,138
</s>
<s>
48,88
47,94
44,98
41,102
38,107
34,112
31,116
27,120
23,124
</s>
<s>
64,83
69,81
75,81
83,79
97,77
111,77
118,77
125,77
130,77
</s>
<s>
89,56
90,62
90,68
90,74
90,79
90,86
90,91
89,96
87,101
86,106
83,111
81,116
77,121
73,124
69,128
65,131
</s>
<s>
100,78
100,83
100,89
100,94
100,99
100,104
100,110
100,115
99,121
99,126
101,131
107,134
113,134
118,135
123,136
128,136
133,137
138,137
143,137
148,137
153,137
149,127
</s>
<s>
102,54
106,58
109,62
</s>