<s>
52,58
51,63
49,68
47,73
44,78
41,84
37,88
33,91
30,95
</s>
<s>
30,72
36,73
41,75
45,78
48,82
51,86
52,91
52,96
52,101
52,106
52,111
52,116
51,121
49,126
48,131
</s>
<s>
51,91
47,95
45,100
42,104
39,108
36,112
32,116
28,119
</s>
<s>
63,84
68,84
74,84
84,84
92,84
100,84
107,84
112,84
</s>
<s>
82,62
82,67
82,74
81,81
80,86
78,91
76,97
75,102
73,107
70,111
67,116
64,120
</s>
<s>
86,85
87,90
87,96
87,103
87,109
87,114
88,119
91,123
96,124
101,125
107,126
113,126
119,126
125,126
130,126
132,121
132,114
</s>
<s>
104,57
105,62
</s>