<s>
43,53
43,58
44,64
44,69
43,74
42,79
39,83
36,88
33,92
30,96
26,99
22,103
18,106
</s>
<s>
25,70
30,72
35,75
39,78
43,82
46,86
49,90
51,96
52,101
53,106
54,111
54,117
54,122
53,127
52,132
47,129
</s>
<s>
45,92
43,98
40,104
37,109
33,114
28,118
23,122
18,124
</s>
<s>
63,86
68,84
79,82
86,81
96,81
108,79
122,79
130,79
136,79
142,79
</s>
<s>
85,57
87,62
89,68
90,74
90,80
90,85
90,92
88,97
86,103
84,109
82,114
79,119
76,123
73,127
70,131
66,134
</s>
<s>
105,82
104,87
103,93
103,98
103,103
103,108
103,113
103,119
103,124
107,127
112,128
118,128
126,130
138,132
145,133
150,133
154,130
</s>
<s>
106,48
110,51
114,55
</s>