<s>
41,67
41,73
39,79
37,85
34,91
31,95
28,99
24,103
20,106
16,109
</s>
<s>
18,81
23,82
28,84
33,87
37,90
41,93
44,97
47,103
49,108
50,113
50,118
50,124
50,129
49,135
47,140
45,145
</s>
<s>
42,99
42,104
42,110
40,115
38,120
36,125
32,129
</s>
<s>
62,95
69,94
76,94
84,92
94,90
108,88
116,88
124,86
131,86
137,86
142,86
147,85
</s>
<s>
86,64
88,69
88,74
89,79
89,84
89,89
89,94
89,99
89,105
88,110
86,115
83,119
80,123
77,127
72,131
68,134
64,137
</s>
<s>
105,90
105,95
105,100
105,105
105,112
105,118
105,123
105,129
105,134
107,139
110,143
116,145
122,146
127,147
133,147
139,147
144,147
149,147
153,144
152,138
150,132
</s>
<s>
118,56
122,61
125,66
129,70
</s>