<s>
51,50
51,56
51,61
51,67
51,73
51,78
50,83
47,89
45,94
42,98
37,103
33,106
</s>
<s>
32,72
37,76
43,80
48,82
52,85
56,89
59,93
61,98
61,103
61,108
61,114
60,119
58,125
56,130
53,135
</s>
<s>
54,95
54,100
52,105
49,111
45,116
41,120
37,123
32,126
</s>
<s>
72,84
77,84
83,84
90,83
97,82
103,82
108,82
113,82
119,81
124,80
130,80
</s>
<s>
96,63
96,68
96,73
96,78
96,84
96,89
95,96
94,101
92,106
90,111
87,115
84,119
80,123
75,126
70,127
</s>
<s>
107,85
107,90
107,96
107,101
107,107
107,112
108,117
111,122
115,125
120,126
125,127
130,128
136,128
142,128
147,128
148,122
144,116
</s>
<s>
110,51
113,55
116,61
</s>