<s>
48,53
49,58
49,64
49,70
46,74
44,79
41,83
36,88
33,92
29,95
26,99
</s>
<s>
31,72
36,75
40,78
44,81
48,85
50,90
51,95
52,101
52,106
53,111
53,117
53,122
52,127
51,132
49,137
48,142
44,137
</s>
<s>
48,96
46,101
42,105
39,109
35,114
31,118
27,122
23,125
</s>
<s>
70,85
75,85
81,85
86,85
92,85
97,85
102,84
108,83
115,82
122,81
127,80
132,80
138,79
</s>
<s>
93,64
93,69
93,75
93,80
92,85
91,91
91,96
90,102
87,108
85,113
83,119
79,123
76,127
71,129
</s>
<s>
102,83
102,88
102,93
101,98
100,103
100,109
99,114
99,119
99,124
99,130
100,135
104,139
109,141
115,142
120,143
126,143
131,143
136,143
141,143
141,138
141,132
139,126
</s>
<s>
112,55
117,57
120,61
124,65
</s>