<s>
57,58
56,64
53,70
51,76
47,80
44,84
41,88
37,92
33,95
</s>
<s>
35,69
40,72
43,76
47,80
50,85
52,90
53,95
54,100
55,106
55,112
55,117
55,122
54,127
51,132
</s>
<s>
50,91
51,96
50,101
48,107
45,111
41,115
37,119
</s>
<s>
67,86
73,85
79,84
85,83
91,83
97,82
102,81
107,81
112,79
117,78
</s>
<s>
87,60
87,65
87,70
87,76
87,82
86,88
84,93
83,99
80,104
77,109
74,114
70,118
67,124
63,127
58,129
</s>
<s>
93,83
93,88
93,93
93,98
93,103
94,109
94,114
95,119
96,124
99,128
103,132
109,135
114,136
121,137
126,138
132,138
137,138
141,135
139,123
135,115
</s>
<s>
98,51
101,56
104,61
</s>