<s>
57,50
57,55
56,61
55,66
53,71
50,76
48,81
45,86
41,90
39,95
35,99
31,103
27,107
23,110
</s>
<s>
33,70
39,74
47,79
53,83
61,88
69,94
73,98
75,103
75,108
76,114
76,119
76,124
74,129
73,134
71,139
69,144
64,141
</s>
<s>
66,96
65,102
62,107
59,111
55,117
52,121
49,125
44,129
40,132
</s>
<s>
85,86
90,86
95,85
101,84
108,83
114,82
120,81
125,81
130,81
135,81
140,80
145,79
</s>
<s>
100,60
100,66
101,71
103,76
103,82
103,87
103,92
103,97
102,102
101,107
99,112
96,116
93,121
89,125
85,128
</s>
<s>
119,84
119,89
119,94
119,100
119,106
119,112
119,117
119,122
119,127
121,132
126,135
131,137
136,139
141,139
145,136
150,135
155,134
156,128
</s>
<s>
126,45
126,50
128,55
</s>