<s>
47,50
47,55
45,60
42,65
39,69
36,74
33,78
30,82
27,86
23,89
</s>
<s>
27,61
31,65
34,69
37,74
40,78
42,83
45,88
47,93
48,98
49,103
49,108
48,113
46,118
42,121
39,115
</s>
<s>
41,86
40,91
37,96
35,101
31,104
</s>
<s>
56,77
61,77
66,76
72,75
77,75
82,74
87,74
93,74
99,74
104,74
</s>
<s>
67,54
67,59
68,65
69,70
70,76
70,81
70,87
70,93
69,98
67,103
63,107
59,111
55,114
51,117
</s>
<s>
77,76
77,82
77,88
78,93
79,98
80,103
80,108
81,113
83,118
85,123
91,125
96,126
102,126
107,126
112,126
118,126
122,123
122,118
122,111
118,103
116,95
</s>
<s>
93,52
96,56
</s>