<s>
47,57
47,62
46,67
45,73
40,81
38,86
33,94
29,99
26,103
23,107
19,110
15,113
</s>
<s>
20,77
25,77
30,79
34,83
38,87
41,92
44,96
47,102
50,106
51,111
52,116
52,122
52,127
52,132
52,138
52,143
49,147
</s>
<s>
44,102
44,107
42,114
39,119
36,125
33,131
30,135
27,139
</s>
<s>
57,96
63,96
70,96
78,96
86,96
96,96
104,96
110,96
115,95
120,94
</s>
<s>
84,68
85,73
85,79
85,84
85,91
85,96
85,101
84,106
82,111
81,116
78,122
75,128
72,134
69,138
65,141
</s>
<s>
92,93
92,98
93,103
93,108
94,113
94,118
95,124
96,129
96,134
97,139
100,143
103,147
109,148
114,149
119,149
125,149
130,149
135,148
136,143
136,137
</s>
<s>
102,64
105,68
108,73
</s>