<s>
51,49
51,54
49,60
46,66
43,71
40,75
34,81
29,86
25,90
21,94
</s>
<s>
23,69
28,70
34,74
39,77
45,81
50,84
54,89
58,93
60,98
60,103
60,108
60,114
59,120
57,127
54,132
52,137
48,132
</s>
<s>
49,85
49,90
47,95
44,101
41,106
39,111
35,115
31,119
</s>
<s>
73,81
78,81
83,80
89,80
95,79
101,79
108,79
116,79
122,78
127,78
133,77
139,77
</s>
<s>
93,55
94,62
95,68
95,74
96,79
96,84
96,89
96,95
96,100
94,106
92,111
90,116
87,120
84,124
80,128
76,131
</s>
<s>
107,81
106,87
106,93
106,99
106,104
106,111
106,117
106,122
111,126
121,128
128,129
136,131
144,131
152,133
159,133
164,134
169,132
172,128
173,121
</s>
<s>
112,56
115,61
118,65
</s>