<s>
43,52
40,58
37,62
34,69
31,73
27,78
24,82
20,86
</s>
<s>
12,52
17,53
21,57
26,60
29,65
34,69
38,73
41,77
43,82
44,87
45,92
45,97
45,102
46,108
46,114
46,121
45,127
43,132
38,130
35,124
</s>
<s>
38,86
39,91
37,97
34,101
31,106
27,112
23,116
19,119
</s>
<s>
57,79
62,78
67,76
74,75
88,75
98,73
108,73
116,73
123,73
130,73
135,73
140,72
</s>
<s>
91,52
91,58
91,64
92,69
92,75
92,81
92,86
92,92
91,98
89,103
86,108
83,112
79,116
75,120
71,124
67,127
</s>
<s>
106,75
107,81
108,87
108,93
108,98
108,103
109,109
109,114
110,119
111,124
114,129
119,132
124,133
129,134
134,134
140,134
145,134
150,133
150,126
</s>
<s>
121,47
126,50
129,54
</s>