<s>
43,49
43,55
41,60
40,65
39,70
36,76
34,81
31,87
27,91
</s>
<s>
25,64
31,67
35,71
43,77
48,80
53,84
56,89
58,94
58,99
59,105
59,110
59,116
58,122
56,128
54,133
49,131
</s>
<s>
47,83
45,89
42,95
38,100
34,104
30,107
</s>
<s>
65,76
72,76
84,74
98,72
112,72
122,72
130,72
137,72
142,72
147,72
</s>
<s>
83,48
86,52
87,57
88,64
88,69
88,74
88,79
88,86
88,93
86,99
83,105
81,111
77,115
73,119
69,122
</s>
<s>
97,72
97,78
97,84
97,89
98,95
98,100
98,105
98,111
99,116
101,121
104,126
109,128
114,128
120,129
126,130
132,130
137,131
142,131
142,125
142,120
</s>
<s>
106,46
</s>