<s>
55,51
55,57
55,62
55,67
55,72
56,77
57,82
57,87
58,93
58,98
58,103
58,108
58,113
58,119
58,124
</s>
<s>
57,46
63,46
69,46
75,47
83,47
90,47
96,47
101,47
106,47
111,47
116,47
122,47
128,47
130,52
131,58
131,63
132,69
133,75
133,80
134,85
135,90
135,96
135,103
135,108
135,114
134,120
133,126
130,132
127,136
121,134
115,130
107,122
101,116
</s>
<s>
63,71
70,70
76,69
82,69
89,69
96,69
</s>
<s>
72,83
72,89
74,95
76,100
</s>
<s>
75,82
82,82
88,82
93,82
97,85
97,90
97,96
97,101
</s>
<s>
83,100
90,100
95,100
</s>