<s>
39,54
39,60
39,65
39,70
39,75
39,80
39,87
39,94
38,99
38,105
38,111
38,117
38,122
38,127
38,132
</s>
<s>
39,51
44,51
49,51
55,51
63,51
71,51
78,51
85,51
90,51
95,52
100,52
105,52
110,52
115,53
118,58
118,63
118,69
118,75
118,80
118,86
119,93
119,98
120,103
121,109
122,115
122,120
122,125
122,130
123,135
123,140
118,142
114,138
110,135
</s>
<s>
59,83
65,82
71,80
77,79
82,78
87,77
92,77
97,77
</s>
<s>
64,88
64,94
64,99
64,105
</s>
<s>
66,88
73,88
79,88
91,90
97,90
102,90
102,96
101,101
101,107
101,112
</s>
<s>
66,111
71,111
77,111
82,111
87,111
92,111
</s>