<s>
51,59
52,65
52,71
53,77
53,83
54,89
54,94
54,101
54,106
54,112
54,118
54,123
54,129
54,134
</s>
<s>
51,55
56,56
62,56
69,56
76,57
83,57
89,58
97,60
103,60
109,60
114,60
120,60
126,60
131,60
136,61
138,67
138,72
137,77
137,83
137,89
137,95
137,100
137,107
137,112
137,118
137,124
137,129
137,134
136,139
136,144
131,142
</s>
<s>
75,85
80,85
87,85
93,85
98,85
105,85
110,85
</s>
<s>
79,97
79,104
79,110
79,115
</s>
<s>
79,97
84,97
90,97
97,98
103,99
106,103
106,110
107,116
</s>
<s>
83,114
88,114
95,116
101,116
</s>