<s>
50,56
51,61
52,66
53,71
54,76
54,81
55,86
55,91
55,97
55,102
55,108
55,114
55,120
55,125
54,130
</s>
<s>
51,52
57,52
63,50
68,50
73,49
78,49
85,48
92,48
98,49
104,49
110,50
116,51
121,51
123,56
124,61
124,66
125,71
125,76
126,81
126,87
126,93
127,98
128,103
128,109
128,115
128,120
128,125
128,130
128,135
128,140
122,136
113,131
</s>
<s>
75,77
81,77
87,77
92,77
97,77
</s>
<s>
78,85
78,90
78,95
78,100
</s>
<s>
77,87
83,87
89,87
94,87
97,92
98,97
98,102
</s>
<s>
80,100
85,100
90,100
95,100
</s>