<s>
43,55
44,61
46,66
46,71
47,76
48,81
49,86
50,92
50,97
51,103
51,108
51,113
51,119
50,124
50,129
49,134
48,139
</s>
<s>
44,50
51,49
58,49
66,49
74,49
84,49
95,51
101,51
106,52
112,52
117,52
122,52
127,52
130,56
130,61
130,66
130,73
130,80
131,86
132,93
133,99
133,104
134,111
134,116
134,121
134,126
134,131
134,138
134,143
134,148
134,153
</s>
<s>
62,72
67,72
74,71
79,71
85,71
90,71
</s>
<s>
61,89
64,94
65,100
67,105
68,110
</s>
<s>
64,90
69,89
75,88
81,88
87,88
93,88
93,94
93,101
93,107
93,112
</s>
<s>
73,109
79,109
84,109
90,109
</s>