<s>
44,59
45,64
45,70
46,75
46,80
46,85
47,90
47,96
47,101
47,106
47,112
47,117
47,122
46,128
46,134
</s>
<s>
44,59
50,58
56,56
63,56
70,56
77,56
83,56
88,56
93,56
98,56
103,56
109,56
114,56
118,59
118,64
118,69
118,74
118,79
118,84
118,89
118,94
118,99
118,104
118,109
118,115
118,121
118,126
118,131
118,136
117,142
116,147
110,144
106,140
103,136
</s>
<s>
61,76
67,76
72,76
77,76
82,76
87,76
92,76
</s>
<s>
64,90
65,95
66,100
67,105
</s>
<s>
66,91
71,91
76,91
81,91
86,91
92,91
97,92
99,98
100,104
100,110
100,115
</s>
<s>
71,109
77,109
82,109
87,110
92,110
97,112
</s>