<s>
43,60
44,65
45,71
45,77
46,83
46,89
47,94
47,100
47,105
47,110
47,116
47,121
47,126
46,131
46,136
45,141
</s>
<s>
45,55
50,55
57,55
65,55
79,55
89,55
97,55
104,55
110,56
116,56
123,56
128,56
130,61
128,68
127,74
127,79
127,85
127,90
127,95
127,100
127,105
127,111
127,116
127,121
127,126
126,132
126,137
126,142
126,147
118,144
112,140
104,134
96,126
</s>
<s>
61,74
67,74
74,74
80,74
85,75
91,75
96,75
101,75
</s>
<s>
64,86
66,91
67,96
67,101
</s>
<s>
65,83
72,83
77,83
83,83
88,84
93,84
96,88
97,93
99,99
99,104
75,105
</s>
<s>
75,105
81,105
88,105
93,105
</s>