<s>
50,53
50,58
52,64
53,70
53,75
54,81
54,87
55,92
55,99
55,105
55,110
55,115
55,120
54,126
54,131
</s>
<s>
52,50
59,50
65,49
72,49
80,49
88,49
95,49
101,49
106,49
111,49
116,49
121,49
122,55
122,60
122,65
122,71
122,77
123,82
123,87
124,93
125,99
125,104
125,110
125,115
125,121
126,126
126,132
126,137
120,138
117,134
111,132
</s>
<s>
70,76
75,75
82,74
87,73
93,72
98,72
103,72
</s>
<s>
76,84
76,90
76,95
</s>
<s>
75,84
80,84
85,84
90,84
95,84
100,84
104,87
104,92
104,97
105,102
</s>
<s>
81,100
86,100
91,100
96,100
101,100
</s>