<s>
41,58
41,63
42,68
42,74
42,80
42,85
42,92
42,98
42,103
42,108
42,114
42,120
42,125
42,130
</s>
<s>
41,56
46,56
51,55
56,54
61,53
67,53
75,51
81,51
89,51
96,51
104,51
117,51
124,51
130,51
135,51
137,56
136,61
136,67
135,72
134,77
133,83
133,90
133,95
132,100
131,106
130,113
130,119
130,124
130,129
130,134
125,135
115,129
109,125
</s>
<s>
61,68
68,68
74,68
80,68
87,68
92,68
</s>
<s>
65,82
65,88
65,93
</s>
<s>
65,83
70,83
76,83
82,83
87,83
92,83
93,88
93,94
93,99
</s>
<s>
66,100
72,100
77,101
83,102
90,102
96,103
101,103
</s>