<s>
45,55
45,61
45,66
46,71
47,76
47,81
48,87
48,92
49,98
50,103
50,109
50,114
50,120
50,126
50,131
50,136
50,141
50,146
</s>
<s>
47,53
53,53
60,53
67,53
74,53
80,53
87,53
92,53
97,53
103,52
108,51
113,51
118,51
124,51
128,54
128,59
128,64
129,70
129,77
129,83
129,89
129,95
129,100
129,105
129,110
129,116
129,122
129,128
129,133
129,138
128,143
128,148
124,151
121,146
118,141
</s>
<s>
69,82
75,82
81,81
92,79
98,79
104,79
109,79
</s>
<s>
66,95
69,100
70,107
71,112
</s>
<s>
70,94
77,93
83,93
90,93
96,93
102,93
107,93
107,98
107,104
107,110
107,116
</s>
<s>
77,116
82,115
89,115
95,115
102,115
107,115
</s>