<s>
44,51
47,55
48,60
50,65
51,72
52,79
54,84
54,90
55,95
55,101
55,106
55,112
55,118
54,123
53,128
</s>
<s>
44,47
50,47
55,47
66,45
74,43
82,43
90,41
98,41
105,41
111,41
117,41
122,41
127,40
127,46
127,51
128,56
129,62
129,68
130,73
130,79
131,85
131,91
131,96
131,101
131,106
131,112
131,117
130,122
129,127
124,125
</s>
<s>
67,66
73,66
80,66
88,66
94,66
99,66
</s>
<s>
74,80
76,85
77,91
78,96
78,101
</s>
<s>
77,81
82,80
88,80
94,80
99,81
101,86
101,92
101,98
102,103
</s>
<s>
72,100
</s>
<s>
78,100
83,100
88,100
94,102
99,103
104,104
</s>