<s>
51,55
52,61
53,67
54,72
54,78
55,83
55,89
55,94
55,99
55,105
55,110
55,115
55,120
55,126
55,131
</s>
<s>
51,51
57,51
62,51
68,51
74,51
80,51
87,51
95,53
102,53
107,54
112,55
118,55
123,55
127,59
127,64
128,70
129,76
130,81
130,86
131,92
132,98
132,103
132,108
132,113
132,118
132,123
132,128
132,133
127,134
124,130
120,127
</s>
<s>
70,78
75,78
80,78
86,78
91,78
96,78
101,77
</s>
<s>
73,87
73,92
74,97
74,102
</s>
<s>
76,86
82,86
87,86
94,86
99,86
101,92
101,97
102,102
102,107
</s>
<s>
80,106
85,106
90,106
95,106
100,107
</s>