<s>
53,60
53,66
53,71
54,78
54,84
55,90
55,95
55,101
55,108
55,114
55,119
55,125
55,130
55,136
55,141
</s>
<s>
53,57
61,57
71,57
81,57
91,57
103,57
117,59
127,61
137,61
143,62
147,66
147,71
147,77
146,82
145,87
145,93
144,99
144,104
143,110
142,116
142,121
141,126
141,131
140,136
140,141
135,141
</s>
<s>
78,84
84,83
89,83
94,83
101,83
107,83
</s>
<s>
80,95
82,100
82,105
82,110
</s>
<s>
79,93
85,93
90,93
96,93
101,93
106,93
109,97
109,104
109,111
</s>
<s>
87,112
92,112
97,112
102,112
107,112
</s>