<s>
37,56
39,61
41,68
43,74
44,80
45,85
45,90
46,95
46,101
47,106
47,112
47,117
47,122
47,127
47,133
47,138
</s>
<s>
39,52
44,52
51,51
58,51
68,51
78,51
85,51
95,51
102,52
107,52
112,53
118,53
123,53
128,53
129,59
129,64
130,70
131,75
132,80
132,86
133,91
133,96
133,101
133,106
133,111
133,116
133,121
133,126
133,132
132,138
132,143
129,147
126,141
123,137
</s>
<s>
68,78
74,78
81,78
89,78
97,78
102,79
</s>
<s>
76,92
77,98
78,103
78,109
</s>
<s>
75,92
82,92
88,92
94,92
100,92
102,97
102,103
102,109
102,114
</s>
<s>
82,114
87,114
93,114
98,114
</s>