<s>
50,69
52,74
54,80
55,85
55,90
56,95
56,100
57,105
57,110
58,115
58,120
58,125
58,131
58,136
58,141
58,146
</s>
<s>
53,63
60,63
68,63
82,63
96,63
110,63
117,63
122,64
127,64
133,64
138,64
144,64
145,69
145,74
145,80
145,86
145,92
145,97
145,102
145,107
144,113
144,118
144,123
144,128
144,134
144,139
144,145
144,150
144,155
138,153
134,149
</s>
<s>
75,90
82,89
89,89
96,89
101,89
</s>
<s>
79,99
80,105
80,111
82,117
</s>
<s>
77,97
83,97
89,97
94,97
99,97
104,100
104,105
105,112
106,118
</s>
<s>
84,117
90,117
96,117
101,117
106,117
</s>