<s>
49,55
49,60
49,65
49,70
49,75
50,81
50,88
50,93
50,99
50,105
50,111
50,116
50,122
50,128
50,134
50,139
</s>
<s>
50,51
56,51
62,51
69,51
77,51
85,51
90,51
95,51
100,51
105,51
111,51
117,51
123,51
126,55
126,60
126,65
126,70
126,75
126,80
126,86
126,92
126,98
126,104
126,110
126,116
126,121
126,126
126,131
126,136
126,141
121,139
</s>
<s>
62,81
69,81
76,81
84,81
94,81
102,81
107,81
</s>
<s>
70,93
70,99
71,104
71,109
</s>
<s>
69,92
75,92
81,92
87,92
93,92
98,92
102,96
103,103
104,109
</s>
<s>
71,111
77,111
82,111
88,112
95,113
101,114
106,114
</s>