<s>
58,65
58,70
58,75
58,82
59,87
60,93
60,98
60,104
60,109
61,115
61,121
61,126
61,132
61,137
61,143
61,148
</s>
<s>
59,60
66,60
71,60
77,59
84,58
91,58
97,58
102,58
107,58
112,58
117,58
122,58
125,62
127,67
129,74
130,80
130,85
131,90
131,95
132,100
132,105
133,110
134,116
134,121
134,126
133,132
132,137
132,142
131,148
130,153
123,147
</s>
<s>
77,90
82,89
88,88
93,88
98,88
103,87
109,87
</s>
<s>
83,100
83,105
83,110
83,115
83,120
</s>
<s>
84,102
89,101
95,100
102,100
108,100
111,105
112,111
112,116
</s>
<s>
86,122
91,122
96,121
102,121
108,121
113,121
</s>