<s>
44,63
44,70
44,76
45,81
45,86
45,91
46,97
47,103
48,108
49,113
49,118
49,123
50,129
50,134
50,139
</s>
<s>
44,61
50,61
57,61
64,61
71,61
78,61
83,61
88,61
93,61
99,61
104,61
109,61
114,63
114,69
115,74
116,80
116,85
117,90
117,95
118,101
119,106
119,111
119,117
119,122
118,127
118,132
117,137
113,134
109,129
101,125
</s>
<s>
63,82
68,82
74,82
80,82
86,82
92,82
</s>
<s>
70,89
70,95
70,100
70,105
</s>
<s>
70,90
75,90
80,89
85,89
90,89
95,89
96,94
96,99
96,105
</s>
<s>
70,109
75,109
82,109
87,109
</s>