<s>
55,57
56,63
57,68
58,73
59,78
59,84
59,89
60,95
60,100
61,105
61,110
61,116
61,121
61,126
61,131
</s>
<s>
56,56
61,55
67,55
73,54
80,53
86,52
93,51
101,51
107,51
113,51
118,51
123,51
129,51
134,51
135,56
135,61
135,66
135,71
136,76
137,82
138,87
138,92
139,99
139,104
139,109
139,115
139,120
139,125
139,130
139,135
139,140
136,144
129,135
123,131
</s>
<s>
68,74
73,74
79,74
85,74
92,74
97,74
102,74
107,74
</s>
<s>
75,89
75,95
75,100
75,105
</s>
<s>
75,87
81,87
86,87
92,87
98,87
104,87
109,87
109,93
109,99
109,104
109,109
</s>
<s>
74,107
79,107
85,107
90,107
96,107
103,108
109,109
115,110
121,111
</s>