<s>
45,55
46,60
47,65
48,70
48,76
49,81
49,87
50,92
50,97
50,102
50,107
50,112
50,117
50,122
49,128
48,133
</s>
<s>
44,52
50,52
55,52
61,52
68,52
73,52
79,53
86,53
91,53
96,54
101,54
107,54
113,55
119,55
124,55
124,60
124,65
124,70
124,76
124,81
124,86
124,91
124,97
124,103
124,108
124,113
124,118
124,124
124,129
124,134
120,131
</s>
<s>
64,70
69,70
75,70
80,70
85,70
90,70
</s>
<s>
65,84
65,89
66,94
67,100
</s>
<s>
67,84
73,83
78,83
84,83
89,83
90,88
90,93
90,98
90,103
</s>
<s>
70,101
76,101
82,101
87,101
</s>