<s>
50,60
50,66
50,71
50,76
50,81
51,87
51,93
51,99
51,105
51,110
51,116
51,122
51,127
51,132
51,138
51,143
</s>
<s>
51,59
56,59
62,58
67,58
73,58
79,58
85,58
90,58
95,58
100,58
105,57
111,57
116,57
117,62
117,67
118,72
119,77
119,82
120,88
120,95
121,100
121,107
121,112
121,118
121,123
121,128
121,133
121,138
120,143
117,138
115,133
</s>
<s>
68,87
74,87
79,86
85,86
90,86
95,85
</s>
<s>
71,98
71,103
71,109
71,114
</s>
<s>
73,93
79,93
84,93
90,94
94,97
94,102
94,107
94,113
</s>
<s>
76,117
81,116
86,116
91,116
</s>