<s>
43,55
43,60
43,65
43,70
44,75
44,80
44,85
44,91
45,96
45,101
45,107
45,112
45,117
45,122
45,128
45,133
</s>
<s>
45,50
51,50
58,50
65,50
73,50
78,50
84,50
89,50
94,48
100,48
105,48
110,50
115,50
120,50
124,53
124,59
125,64
125,70
125,76
125,82
125,87
125,93
127,98
127,103
128,108
128,113
128,118
128,123
127,128
126,133
123,137
118,137
113,134
108,132
</s>
<s>
58,75
65,75
71,75
76,75
82,75
87,75
92,75
</s>
<s>
60,86
60,92
60,99
60,104
60,109
</s>
<s>
60,83
66,83
73,83
80,83
88,83
95,83
101,83
104,87
104,93
103,100
103,106
103,111
</s>
<s>
65,113
71,113
77,113
82,113
87,113
92,113
98,113
103,113
</s>