<s>
34,55
34,60
34,66
34,72
34,78
34,84
34,89
34,94
34,100
34,106
34,112
34,118
34,124
34,129
</s>
<s>
35,53
40,53
46,53
54,53
62,53
70,55
77,56
83,56
89,57
94,57
99,57
104,57
109,57
114,57
119,57
119,62
119,68
119,74
120,79
121,86
122,91
122,97
123,103
123,109
123,115
124,120
124,125
124,131
123,136
117,135
111,131
107,128
</s>
<s>
54,77
59,77
65,77
71,77
76,77
81,77
86,77
92,77
98,77
</s>
<s>
59,89
60,95
60,100
</s>
<s>
60,87
66,87
71,86
77,86
83,86
85,92
85,97
85,102
</s>
<s>
61,102
66,102
72,102
78,103
83,103
88,104
</s>