<s>
40,50
40,55
40,60
41,65
41,71
42,76
42,81
42,87
42,92
42,97
42,102
42,107
42,112
42,117
42,122
42,127
</s>
<s>
43,48
49,48
55,48
62,48
69,48
75,48
80,48
85,48
90,48
95,48
101,48
108,48
115,50
121,50
123,56
123,61
123,67
123,73
123,79
123,84
123,89
123,95
123,100
123,105
123,110
123,115
123,120
123,125
123,130
122,135
117,133
</s>
<s>
57,70
63,70
70,70
75,70
81,70
88,70
93,70
</s>
<s>
59,84
60,89
61,94
61,99
</s>
<s>
63,85
69,85
75,85
81,85
86,85
91,85
92,91
93,97
93,103
</s>
<s>
62,101
67,101
72,101
77,101
83,101
88,102
93,102
</s>