<s>
48,50
48,55
50,60
50,66
51,72
51,78
51,83
51,89
51,94
51,99
50,105
50,110
49,115
48,120
48,125
</s>
<s>
48,45
53,45
58,45
64,45
71,45
77,45
85,43
91,42
96,42
102,41
107,40
112,40
118,40
124,40
129,40
130,46
130,51
130,56
130,62
130,68
130,73
130,78
130,83
130,89
130,94
130,100
130,107
130,112
130,118
130,124
130,129
130,134
123,134
113,126
105,120
</s>
<s>
64,69
69,69
74,68
79,67
85,67
91,67
97,67
103,67
</s>
<s>
70,78
70,84
70,90
71,95
</s>
<s>
72,80
77,80
82,79
88,79
94,78
99,78
104,78
106,85
105,90
104,95
104,100
</s>
<s>
75,99
80,98
85,98
90,98
95,98
100,98
105,98
</s>