<s>
46,62
47,67
47,73
47,78
47,83
47,89
47,96
47,101
47,107
47,112
46,117
45,124
44,130
44,135
43,140
42,145
</s>
<s>
47,60
53,60
60,60
67,60
78,63
84,63
92,65
98,65
106,67
111,67
116,67
121,67
124,71
124,78
124,84
124,90
124,96
124,101
124,106
124,111
124,116
124,121
124,126
124,131
124,138
124,143
123,148
120,152
115,154
109,148
103,142
</s>
<s>
64,88
70,88
75,87
81,87
87,87
92,87
</s>
<s>
64,98
64,103
65,108
65,113
</s>
<s>
63,99
68,99
74,98
80,98
86,98
91,102
92,108
92,114
92,119
</s>
<s>
69,115
74,115
80,116
86,117
</s>