<s>
53,63
55,68
55,74
55,79
55,85
55,90
55,95
55,100
55,105
56,111
56,116
56,121
56,127
56,133
56,138
</s>
<s>
54,60
60,60
65,60
70,60
78,58
91,58
98,58
106,58
113,58
118,58
123,58
128,58
133,58
138,58
139,65
139,71
139,76
139,81
139,87
140,93
140,99
140,104
140,109
140,115
140,121
140,127
140,132
140,137
140,143
137,147
131,143
125,139
121,135
117,131
</s>
<s>
84,86
90,86
95,84
100,84
105,84
110,84
</s>
<s>
88,96
88,101
89,106
90,111
</s>
<s>
90,96
95,95
101,94
106,94
107,100
107,106
</s>
<s>
94,110
99,110
104,110
</s>