<s>
51,55
51,60
51,65
51,70
51,75
51,81
51,87
51,94
51,99
51,104
51,109
51,114
51,119
50,125
50,130
</s>
<s>
50,54
55,54
61,53
67,52
73,51
79,51
85,50
91,50
96,50
101,50
107,50
112,51
115,55
116,60
116,67
116,72
116,78
116,85
116,91
116,97
116,103
116,109
116,115
115,121
115,126
114,131
113,136
107,137
102,133
98,129
92,123
</s>
<s>
64,72
70,71
76,71
83,71
90,71
95,71
</s>
<s>
72,81
72,86
72,91
72,96
72,101
</s>
<s>
72,81
78,81
83,81
88,81
93,83
95,89
95,94
95,99
95,104
95,110
96,115
</s>
<s>
74,107
79,107
86,107
91,107
</s>