<s>
58,56
59,62
60,67
62,73
62,79
63,86
64,93
65,99
65,106
66,111
67,117
67,122
67,127
67,132
</s>
<s>
60,54
65,52
71,52
78,51
92,49
99,49
109,49
116,49
121,49
126,49
131,49
134,55
135,60
139,66
141,77
143,82
145,90
146,96
147,102
147,108
147,114
148,119
148,124
148,131
148,136
148,141
140,136
132,128
124,120
</s>
<s>
84,73
90,73
96,72
102,72
108,71
113,71
</s>
<s>
85,89
87,94
87,100
</s>
<s>
85,88
90,88
96,86
101,85
106,84
111,84
116,84
120,87
120,92
120,97
120,103
</s>
<s>
92,103
98,103
103,103
109,103
115,103
</s>