<s>
51,57
51,62
51,68
51,74
51,79
51,84
51,89
51,94
50,100
49,106
49,112
48,118
47,124
46,130
46,135
45,140
</s>
<s>
53,55
59,55
65,54
73,54
83,52
95,50
105,50
111,50
116,50
121,50
124,54
124,59
124,64
124,69
124,74
124,79
124,86
124,91
124,96
124,101
124,108
124,113
124,118
124,123
124,128
124,133
124,138
121,142
116,140
113,136
109,132
106,128
</s>
<s>
66,77
71,76
77,76
84,76
89,76
94,76
</s>
<s>
75,87
75,92
75,98
75,104
</s>
<s>
77,88
82,88
87,87
92,87
96,91
97,96
98,102
</s>
<s>
83,106
88,106
94,106
</s>