<s>
56,60
55,65
56,71
57,76
57,82
57,87
57,92
58,98
59,103
59,109
59,114
59,119
59,124
59,130
59,136
59,141
59,146
</s>
<s>
56,54
61,54
68,54
75,54
81,54
87,54
92,54
97,54
103,54
108,54
114,54
119,54
124,54
127,58
128,63
129,68
129,73
130,78
131,84
131,89
132,94
133,100
133,105
133,111
133,116
133,121
133,126
133,131
133,136
133,141
133,146
133,151
132,156
126,155
120,149
</s>
<s>
68,82
74,82
80,82
85,82
90,82
95,82
100,82
72,95
</s>
<s>
72,95
74,100
75,105
75,110
</s>
<s>
75,95
80,94
85,94
91,94
96,94
100,97
100,103
100,109
100,114
</s>
<s>
80,117
86,117
91,117
97,117
103,117
</s>