<s>
49,59
48,66
48,71
48,77
48,82
48,88
48,94
48,100
48,105
48,110
48,115
47,120
46,126
46,131
45,136
</s>
<s>
49,57
54,57
59,56
65,55
70,55
77,55
83,55
89,55
95,55
100,55
105,55
110,55
115,55
120,55
125,55
126,60
126,67
126,73
126,80
126,85
126,91
127,97
128,103
128,108
128,114
128,120
128,126
128,131
129,136
129,141
125,138
121,134
</s>
<s>
74,83
79,83
85,83
91,83
98,83
104,83
109,83
</s>
<s>
82,91
82,97
82,103
82,108
82,113
</s>
<s>
81,90
88,90
95,90
102,90
109,90
115,90
117,95
116,100
115,107
115,112
</s>
<s>
90,117
96,117
102,117
107,117
112,117
</s>