<s>
51,63
51,68
51,74
51,79
51,84
51,89
51,94
51,100
51,106
51,111
51,116
51,122
51,128
51,133
50,138
49,143
49,148
</s>
<s>
50,57
55,57
60,57
65,57
71,57
78,57
89,59
100,61
106,62
112,62
118,63
124,64
129,65
134,66
138,69
136,74
134,79
133,84
132,89
132,95
132,101
132,106
132,111
132,117
132,123
132,128
132,133
132,138
132,144
132,149
132,154
132,159
124,152
118,146
112,138
104,132
</s>
<s>
77,83
83,83
89,82
94,82
100,82
105,82
</s>
<s>
80,94
80,100
80,105
80,110
</s>
<s>
79,93
84,92
89,92
94,92
100,91
105,91
105,96
105,101
105,106
105,111
</s>
<s>
83,109
88,109
93,109
99,109
104,110
</s>