<s>
22,94
28,93
39,91
45,90
50,89
58,87
68,85
73,85
78,84
84,83
</s>
<s>
62,54
62,61
62,66
62,71
62,76
62,81
62,86
62,93
62,99
62,104
61,109
61,114
61,119
61,124
61,129
61,134
61,139
61,144
61,149
61,154
61,159
61,164
58,159
57,154
54,150
</s>
<s>
25,153
30,150
34,146
38,142
44,138
54,130
58,126
62,122
68,118
72,114
82,104
88,99
98,91
</s>
<s>
94,65
101,64
107,62
115,60
130,56
136,54
141,52
143,57
143,68
142,74
140,80
138,90
136,96
135,101
</s>
<s>
118,76
118,81
118,88
117,93
116,98
</s>
<s>
104,105
109,105
115,105
120,104
</s>
<s>
94,89
95,94
95,99
96,106
96,112
96,117
97,122
97,127
98,132
99,137
100,142
103,146
108,148
113,149
124,149
131,149
141,147
147,146
152,144
156,141
157,135
157,122
157,117
</s>