<s>
29,110
35,110
44,109
49,108
59,106
65,104
</s>
<s>
58,75
58,81
58,92
58,97
58,103
58,109
58,115
58,130
58,135
58,141
58,146
58,151
58,156
53,150
49,145
46,140
43,136
</s>
<s>
26,142
34,139
40,137
46,135
52,133
58,129
64,125
70,123
74,119
78,115
</s>
<s>
79,87
86,85
96,83
105,81
110,81
116,79
122,78
124,83
123,88
122,93
119,105
</s>
<s>
108,91
106,96
105,101
</s>
<s>
91,111
96,111
101,111
106,110
113,109
</s>
<s>
89,100
88,105
87,111
86,117
84,128
84,133
84,138
88,143
93,145
98,147
106,150
113,151
119,153
129,155
134,155
140,156
145,157
151,157
156,157
160,154
159,149
158,144
</s>