<s>
40,98
45,96
51,95
57,95
62,94
67,93
73,92
79,92
84,92
89,91
94,91
</s>
<s>
61,38
63,48
63,53
63,58
64,63
64,68
64,73
64,80
64,86
64,91
64,96
64,101
64,107
64,112
64,117
64,122
64,127
64,132
64,137
64,142
64,147
64,152
64,157
65,162
65,167
65,173
62,167
60,162
</s>
<s>
27,174
31,169
35,164
41,158
45,154
51,149
58,140
62,137
67,130
74,123
78,120
81,116
</s>
<s>
92,67
100,65
117,61
125,59
134,57
140,55
150,53
155,52
157,57
157,62
157,68
157,80
155,86
154,91
154,99
152,104
150,110
</s>
<s>
128,78
128,83
128,88
128,96
127,102
</s>
<s>
105,119
110,116
115,115
120,115
125,115
131,114
136,113
</s>
<s>
96,109
96,116
96,122
96,128
97,133
97,138
97,143
100,147
105,148
110,148
118,148
123,148
137,146
144,146
155,145
160,145
165,145
171,145
176,145
181,145
186,145
187,140
187,133
187,128
</s>