<s>
32,104
37,103
42,103
48,103
54,103
59,102
64,101
70,100
75,99
</s>
<s>
57,66
57,71
57,76
57,82
57,89
57,99
57,104
57,111
57,116
57,121
57,126
57,133
57,138
57,143
57,148
57,153
58,158
59,163
60,168
55,168
49,164
44,159
39,155
</s>
<s>
28,153
36,149
44,145
50,141
56,139
61,135
67,130
71,127
</s>
<s>
77,82
82,82
87,82
92,82
97,82
102,82
107,82
112,82
117,82
122,82
127,82
129,88
127,93
125,98
124,103
</s>
<s>
109,88
108,93
106,98
106,103
</s>
<s>
88,114
93,113
98,112
103,112
108,112
113,112
</s>
<s>
90,97
89,102
89,110
91,122
92,133
94,140
97,149
98,154
100,159
103,163
109,163
114,163
126,163
132,163
137,163
142,161
145,155
145,150
145,145
</s>