<s>
40,98
52,97
61,96
69,94
79,93
84,92
89,90
94,89
100,89
105,88
75,53
</s>
<s>
75,53
75,58
75,63
75,71
77,83
78,93
80,101
82,111
83,121
85,129
86,135
87,140
87,145
87,151
87,158
88,164
89,169
89,174
81,170
76,163
72,159
69,155
</s>
<s>
44,162
48,159
54,155
61,147
65,143
73,137
77,133
85,129
93,123
99,118
</s>
<s>
93,73
100,71
112,69
129,67
143,64
153,62
152,72
148,81
144,91
141,98
137,104
134,110
</s>
<s>
113,77
113,82
113,87
113,92
</s>
<s>
100,106
106,105
111,105
120,103
</s>
<s>
89,88
91,94
93,101
93,110
94,115
95,125
96,134
98,140
99,146
100,151
104,154
109,157
114,160
119,162
125,162
135,162
144,162
154,162
159,162
163,159
165,154
165,149
165,144
</s>