<s>
38,98
43,98
50,98
57,98
62,97
67,97
72,96
77,95
82,94
87,93
92,93
</s>
<s>
69,54
69,59
69,65
69,70
69,75
69,84
69,91
69,96
70,102
70,108
70,113
70,119
70,126
70,132
70,137
70,143
70,149
72,156
73,161
74,167
75,172
72,176
68,172
64,169
61,165
</s>
<s>
40,162
45,156
51,149
59,142
67,137
72,132
76,129
81,126
</s>
<s>
78,68
85,67
93,67
105,67
116,67
121,67
127,67
132,66
135,70
134,76
132,83
130,90
130,96
129,101
</s>
<s>
110,81
110,86
110,91
</s>
<s>
95,100
100,100
106,100
111,100
116,100
</s>
<s>
96,83
96,88
96,98
96,109
96,114
96,119
96,126
96,131
96,136
97,141
101,144
106,149
111,150
116,151
122,151
127,151
132,151
138,152
143,152
148,152
148,147
148,141
</s>