<s>
36,92
41,92
48,92
54,90
59,89
64,88
69,88
74,88
79,87
84,86
</s>
<s>
61,52
62,57
63,63
63,73
64,79
64,89
65,94
65,99
65,109
65,114
65,119
65,124
65,129
65,134
65,139
65,146
65,151
65,157
65,163
58,157
54,153
50,149
46,145
40,139
</s>
<s>
33,137
38,134
44,129
54,123
60,118
68,111
72,107
76,104
</s>
<s>
77,67
83,67
98,65
106,63
114,61
122,59
128,57
144,51
150,49
158,47
158,52
155,59
148,71
145,77
140,83
138,88
</s>
<s>
115,69
114,75
110,87
107,93
104,101
</s>
<s>
93,106
99,106
104,105
112,102
118,100
130,94
</s>
<s>
88,90
89,95
91,106
91,112
92,118
92,123
92,128
93,133
97,136
102,137
107,137
119,137
124,136
133,136
139,135
144,135
149,135
154,134
154,128
154,122
154,115
152,105
</s>