<s>
41,96
46,96
52,96
59,96
67,96
72,96
</s>
<s>
58,54
58,59
58,64
58,70
58,76
58,81
58,86
58,91
58,96
58,101
58,106
58,111
58,117
58,122
58,128
58,135
58,140
58,145
58,150
58,155
58,160
58,165
56,160
55,153
53,145
</s>
<s>
45,146
48,141
53,136
58,131
64,123
67,117
71,114
</s>
<s>
76,67
86,64
95,62
101,60
112,58
117,58
117,64
117,70
117,75
116,80
116,85
</s>
<s>
104,64
104,69
103,75
103,80
</s>
<s>
83,96
88,96
93,96
98,96
104,94
109,93
</s>
<s>
84,90
84,96
84,101
84,106
85,111
85,116
85,121
86,126
86,132
87,137
90,141
95,142
100,141
105,140
110,139
115,138
120,138
126,138
131,138
136,138
137,133
138,128
138,113
140,107
140,101
</s>