<s>
44,99
49,98
54,96
59,94
64,92
69,90
74,89
79,88
91,87
</s>
<s>
75,55
75,60
73,69
73,74
73,79
73,89
73,97
73,102
73,112
73,121
73,130
73,137
72,143
72,148
72,154
72,159
67,157
64,151
60,148
</s>
<s>
47,149
51,145
56,140
63,135
71,129
80,124
86,120
91,117
</s>
<s>
88,71
93,69
98,69
106,67
116,66
122,65
128,64
135,65
140,65
140,71
138,77
132,87
129,93
127,98
</s>
<s>
119,80
119,85
118,91
117,96
</s>
<s>
97,101
104,102
109,102
114,102
101,91
</s>
<s>
101,91
99,97
97,104
96,110
96,115
97,120
99,126
103,130
109,135
116,140
122,144
130,146
136,148
142,148
147,148
152,146
156,136
156,130
156,122
155,117
</s>