<s>
43,109
48,109
53,108
62,106
70,103
76,100
84,98
</s>
<s>
69,73
69,78
69,84
71,92
72,97
72,110
72,117
72,122
72,127
72,133
72,138
72,148
71,154
70,159
64,154
60,148
59,143
</s>
<s>
31,140
37,140
43,138
51,136
57,132
63,130
71,126
77,124
83,120
89,116
95,111
</s>
<s>
87,79
93,80
103,80
114,80
125,80
134,78
140,77
142,82
137,89
136,95
133,99
</s>
<s>
120,84
119,89
117,94
115,99
</s>
<s>
97,107
103,107
108,107
116,107
121,107
127,107
133,107
</s>
<s>
102,92
102,98
102,104
101,109
99,117
97,125
97,130
96,135
96,141
98,146
104,148
111,150
118,151
123,152
129,154
141,156
146,156
152,157
157,157
162,156
164,151
164,146
</s>