<s>
34,97
39,96
47,94
56,94
66,93
71,92
77,90
85,88
91,84
96,83
71,55
</s>
<s>
71,55
70,66
70,76
70,88
70,100
70,111
70,121
70,131
70,141
70,151
70,158
70,163
70,169
70,174
70,179
67,175
63,171
59,165
52,158
46,154
40,150
</s>
<s>
32,154
38,147
47,142
55,137
59,133
67,131
71,127
77,123
83,118
</s>
<s>
92,73
103,70
116,70
128,70
139,70
141,76
137,86
134,94
130,102
128,108
</s>
<s>
112,82
111,87
111,92
109,97
95,112
</s>
<s>
95,112
100,111
105,111
110,111
115,110
</s>
<s>
88,94
91,104
92,109
92,114
92,119
92,124
92,131
92,136
93,141
94,146
95,151
98,155
103,155
113,155
127,155
139,155
150,155
155,155
161,155
166,155
169,149
171,143
171,138
171,133
</s>