<s>
38,93
43,93
52,93
60,93
70,93
81,91
88,89
93,87
98,85
</s>
<s>
70,46
70,51
70,57
70,65
72,74
72,79
72,87
72,96
72,101
72,108
72,114
72,119
72,125
72,131
72,136
72,142
72,147
72,152
72,157
72,162
72,167
72,173
67,170
61,164
58,159
58,154
</s>
<s>
45,152
53,145
61,140
71,135
78,130
85,125
90,122
94,119
</s>
<s>
101,70
112,69
124,68
130,66
140,66
150,63
152,68
149,74
146,78
144,84
142,89
139,93
</s>
<s>
129,74
128,79
126,84
124,89
</s>
<s>
106,107
112,107
117,106
122,105
127,104
</s>
<s>
99,98
99,104
99,110
99,115
99,124
99,130
100,135
102,140
106,143
111,147
117,149
123,149
129,150
134,151
139,150
144,149
149,146
153,143
153,138
153,132
</s>