<s>
36,97
41,97
46,97
52,96
57,96
62,94
67,93
72,93
77,93
82,93
</s>
<s>
61,62
61,68
61,74
61,80
61,85
62,91
62,98
63,105
64,112
64,118
65,123
65,128
65,134
65,139
65,144
65,150
65,155
65,160
65,166
66,171
58,163
53,154
50,150
39,149
</s>
<s>
39,149
46,142
53,138
60,133
67,126
74,122
</s>
<s>
81,75
87,75
97,75
107,75
113,73
121,71
126,70
130,74
130,79
130,87
130,93
129,99
128,104
</s>
<s>
104,85
104,91
104,96
</s>
<s>
91,106
96,106
101,106
106,106
111,106
89,93
</s>
<s>
89,93
91,99
91,108
93,118
93,127
93,133
93,138
93,143
93,149
93,154
97,158
102,158
109,160
118,160
128,163
140,164
145,165
150,165
154,161
156,156
156,151
</s>