<s>
52,93
57,93
62,93
67,93
72,93
77,93
82,92
87,92
92,92
97,91
</s>
<s>
68,62
69,67
69,72
70,77
70,82
71,87
71,94
72,99
72,104
73,109
73,114
74,119
74,124
74,129
74,134
74,139
75,144
75,149
75,154
75,159
76,164
76,169
73,165
71,160
68,156
66,151
</s>
<s>
43,154
48,151
55,148
59,144
65,138
70,133
75,130
80,127
84,124
</s>
<s>
92,75
97,74
102,74
108,72
120,70
128,68
134,66
139,65
148,63
152,66
152,72
151,77
149,84
149,89
147,95
145,100
</s>
<s>
125,82
124,87
123,92
122,97
</s>
<s>
106,109
111,109
116,108
126,106
131,106
136,106
141,105
</s>
<s>
101,91
101,96
101,101
101,106
101,114
100,119
100,124
100,131
99,136
99,141
102,145
107,147
113,148
118,148
128,148
134,148
144,148
150,148
155,148
160,148
164,144
164,139
165,134
165,124
166,119
</s>