<s>
43,102
49,102
55,102
60,102
68,102
77,102
82,102
87,101
92,100
99,100
104,100
</s>
<s>
78,56
77,62
76,67
74,73
74,82
74,91
72,99
72,104
72,114
72,123
72,129
72,134
72,140
72,145
72,150
73,155
74,160
75,165
75,170
75,175
66,170
62,165
58,162
</s>
<s>
37,160
46,155
56,151
62,149
70,145
78,141
84,137
88,134
</s>
<s>
89,84
100,83
112,80
125,80
135,80
138,85
137,90
134,99
132,105
</s>
<s>
114,92
114,97
112,102
</s>
<s>
95,116
101,115
106,114
112,114
117,113
97,97
</s>
<s>
97,97
97,102
97,107
97,112
97,118
97,123
97,130
98,135
100,140
105,142
110,143
116,145
126,147
136,149
146,149
156,149
162,149
167,149
168,144
168,139
167,134
</s>