<s>
47,100
54,97
61,95
68,93
75,91
83,87
88,87
94,85
101,83
106,81
</s>
<s>
81,56
81,61
81,66
83,76
85,83
87,93
87,102
88,107
88,112
89,117
89,123
89,130
89,135
89,140
89,145
88,150
88,155
86,160
81,149
78,140
</s>
<s>
43,148
47,144
52,139
60,132
68,125
76,118
83,115
87,112
</s>
<s>
96,79
105,77
113,75
124,73
134,71
139,70
137,78
135,84
133,90
131,95
</s>
<s>
114,75
113,81
113,86
113,91
</s>
<s>
104,101
109,100
116,99
121,99
</s>
<s>
96,88
97,94
98,99
98,104
98,109
98,114
98,119
98,125
102,128
107,130
112,131
122,134
127,134
132,133
134,128
137,120
139,114
142,104
144,99
</s>