<s>
44,96
49,97
54,97
59,97
64,97
69,97
</s>
<s>
59,62
59,68
59,79
59,85
60,92
60,99
60,111
60,116
62,124
62,130
62,135
62,140
62,146
62,152
62,157
62,162
62,167
60,161
58,155
54,149
52,143
46,133
44,128
</s>
<s>
23,145
29,142
35,140
41,136
47,132
53,128
57,124
63,120
69,118
73,114
83,108
88,105
</s>
<s>
78,64
84,65
95,65
109,65
120,65
128,65
134,63
148,61
156,59
162,57
167,56
171,59
171,64
167,72
165,78
163,83
161,88
159,93
</s>
<s>
125,65
125,70
125,81
125,86
125,91
</s>
<s>
92,106
98,106
113,104
118,104
124,103
129,102
134,102
139,101
</s>
<s>
98,98
98,103
98,117
98,123
98,130
98,135
99,140
102,144
107,146
113,147
121,147
128,147
138,149
143,149
148,149
153,149
159,149
164,149
167,145
167,134
167,128
</s>