<s>
<state>
0,0
1,0
2,0
3,0.666667
4,0.333333
5,0
6,0
7,0
8,0
9,0
10,0
11,0
12,0
13,0
14,0
15,0
</state>
<state>
0,0
1,0
2,0
3,1
4,0
5,0
6,0
7,0
8,0
9,0
10,0
11,0
12,0
13,0
14,0
15,0
</state>
<state>
0,0
1,0
2,0
3,0.5
4,0.25
5,0
6,0
7,0
8,0
9,0
10,0
11,0.25
12,0
13,0
14,0
15,0
</state>
</s>
<s>
<state>
0,0.25
1,0
2,0
3,0
4,0
5,0
6,0
7,0
8,0
9,0
10,0
11,0
12,0
13,0
14,0
15,0.75
</state>
<state>
0,0.25
1,0.125
2,0
3,0.125
4,0.375
5,0.125
6,0
7,0
8,0
9,0
10,0
11,0
12,0
13,0
14,0
15,0
</state>
<state>
0,0
1,0
2,0
3,0
4,0.625
5,0
6,0
7,0
8,0
9,0
10,0.25
11,0.125
12,0
13,0
14,0
15,0
</state>
</s>
<s>
<state>
0,0
1,0
2,0
3,0
4,1
5,0
6,0
7,0
8,0
9,0
10,0
11,0
12,0
13,0
14,0
15,0
</state>
<state>
0,0
1,0
2,0
3,0
4,0
5,1
6,0
7,0
8,0
9,0
10,0
11,0
12,0
13,0
14,0
15,0
</state>
<state>
0,0
1,0
2,0
3,0
4,0.5
5,0
6,0
7,0
8,0
9,0
10,0
11,0
12,0.5
13,0
14,0
15,0
</state>
</s>
<s>
<state>
0,0
1,0
2,0
3,0
4,1
5,0
6,0
7,0
8,0
9,0
10,0
11,0
12,0
13,0
14,0
15,0
</state>
<state>
0,0.5
1,0
2,0
3,0
4,0.5
5,0
6,0
7,0
8,0
9,0
10,0
11,0
12,0
13,0
14,0
15,0
</state>
<state>
0,0.333333
1,0
2,0
3,0
4,0
5,0
6,0
7,0
8,0
9,0
10,0
11,0
12,0.333333
13,0
14,0
15,0.333333
</state>
</s>
<s>
<state>
0,0.5
1,0
2,0
3,0
4,0
5,0
6,0
7,0
8,0
9,0
10,0
11,0
12,0
13,0
14,0
15,0.5
</state>
<state>
0,0.5
1,0
2,0
3,0
4,0
5,0
6,0
7,0
8,0
9,0
10,0
11,0
12,0
13,0
14,0
15,0.5
</state>
<state>
0,0.666667
1,0
2,0
3,0
4,0
5,0
6,0
7,0
8,0
9,0
10,0
11,0.333333
12,0
13,0
14,0
15,0
</state>
</s>
