<s>
<state>
0,0
1,0
2,0.666667
3,0.333333
4,0
5,0
6,0
7,0
8,0
9,0
10,0
11,0
12,0
13,0
14,0
15,0
</state>
<state>
0,0
1,0
2,0.333333
3,0.666667
4,0
5,0
6,0
7,0
8,0
9,0
10,0
11,0
12,0
13,0
14,0
15,0
</state>
<state>
0,0
1,0
2,0
3,0.75
4,0
5,0
6,0
7,0
8,0
9,0
10,0
11,0.25
12,0
13,0
14,0
15,0
</state>
</s>
<s>
<state>
0,0.909091
1,0
2,0
3,0
4,0
5,0
6,0
7,0
8,0
9,0
10,0
11,0
12,0
13,0
14,0
15,0.0909091
</state>
<state>
0,0.909091
1,0.0909091
2,0
3,0
4,0
5,0
6,0
7,0
8,0
9,0
10,0
11,0
12,0
13,0
14,0
15,0
</state>
<state>
0,0
1,0
2,0
3,0
4,0.583333
5,0.0833333
6,0
7,0
8,0.0833333
9,0.0833333
10,0.0833333
11,0
12,0
13,0
14,0
15,0.0833333
</state>
</s>
<s>
<state>
0,0
1,0
2,0
3,0
4,1
5,0
6,0
7,0
8,0
9,0
10,0
11,0
12,0
13,0
14,0
15,0
</state>
<state>
0,0
1,0
2,0
3,0
4,1
5,0
6,0
7,0
8,0
9,0
10,0
11,0
12,0
13,0
14,0
15,0
</state>
<state>
0,0
1,0
2,0
3,0
4,0.5
5,0
6,0
7,0
8,0
9,0
10,0
11,0.5
12,0
13,0
14,0
15,0
</state>
</s>
<s>
<state>
0,0
1,0
2,0
3,0.5
4,0.5
5,0
6,0
7,0
8,0
9,0
10,0
11,0
12,0
13,0
14,0
15,0
</state>
<state>
0,0
1,0
2,0
3,0
4,1
5,0
6,0
7,0
8,0
9,0
10,0
11,0
12,0
13,0
14,0
15,0
</state>
<state>
0,0.666667
1,0
2,0
3,0
4,0
5,0
6,0
7,0
8,0
9,0
10,0.333333
11,0
12,0
13,0
14,0
15,0
</state>
</s>
<s>
<state>
0,0.75
1,0
2,0
3,0
4,0
5,0
6,0
7,0
8,0
9,0
10,0
11,0
12,0
13,0
14,0
15,0.25
</state>
<state>
0,1
1,0
2,0
3,0
4,0
5,0
6,0
7,0
8,0
9,0
10,0
11,0
12,0
13,0
14,0
15,0
</state>
<state>
0,0.4
1,0
2,0
3,0
4,0
5,0
6,0
7,0
8,0
9,0
10,0
11,0.2
12,0
13,0
14,0
15,0.4
</state>
</s>
