<s>
<state>
0,0
1,0
2,0.333333
3,0.666667
4,0
5,0
6,0
7,0
8,0
9,0
10,0
11,0
12,0
13,0
14,0
15,0
</state>
<state>
0,0
1,0
2,0
3,0.75
4,0.25
5,0
6,0
7,0
8,0
9,0
10,0
11,0
12,0
13,0
14,0
15,0
</state>
<state>
0,0
1,0
2,0
3,0.5
4,0.25
5,0
6,0
7,0
8,0
9,0
10,0
11,0.25
12,0
13,0
14,0
15,0
</state>
</s>
<s>
<state>
0,0.833333
1,0
2,0.0833333
3,0
4,0
5,0
6,0
7,0
8,0
9,0
10,0
11,0
12,0
13,0
14,0
15,0.0833333
</state>
<state>
0,0.5
1,0
2,0.0833333
3,0
4,0.416667
5,0
6,0
7,0
8,0
9,0
10,0
11,0
12,0
13,0
14,0
15,0
</state>
<state>
0,0
1,0
2,0
3,0
4,0.384615
5,0.0769231
6,0
7,0
8,0
9,0.153846
10,0.307692
11,0.0769231
12,0
13,0
14,0
15,0
</state>
</s>
<s>
<state>
0,0
1,0
2,0
3,0
4,0.666667
5,0.333333
6,0
7,0
8,0
9,0
10,0
11,0
12,0
13,0
14,0
15,0
</state>
<state>
0,0
1,0
2,0
3,0
4,0.5
5,0.5
6,0
7,0
8,0
9,0
10,0
11,0
12,0
13,0
14,0
15,0
</state>
<state>
0,0
1,0
2,0
3,0
4,0
5,0.25
6,0.25
7,0
8,0
9,0
10,0
11,0
12,0.25
13,0.25
14,0
15,0
</state>
</s>
<s>
<state>
0,0
1,0
2,0
3,0
4,1
5,0
6,0
7,0
8,0
9,0
10,0
11,0
12,0
13,0
14,0
15,0
</state>
<state>
0,0
1,0.333333
2,0
3,0
4,0.666667
5,0
6,0
7,0
8,0
9,0
10,0
11,0
12,0
13,0
14,0
15,0
</state>
<state>
0,0.75
1,0
2,0
3,0
4,0
5,0
6,0
7,0.25
8,0
9,0
10,0
11,0
12,0
13,0
14,0
15,0
</state>
</s>
<s>
<state>
0,0
1,0
2,0
3,0
4,0
5,0
6,0
7,0
8,0
9,0
10,0
11,0
12,0
13,0
14,0
15,1
</state>
<state>
0,1
1,0
2,0
3,0
4,0
5,0
6,0
7,0
8,0
9,0
10,0
11,0
12,0
13,0
14,0
15,0
</state>
<state>
0,0.75
1,0
2,0
3,0
4,0
5,0
6,0
7,0
8,0.25
9,0
10,0
11,0
12,0
13,0
14,0
15,0
</state>
</s>