<s>
<state>
0,0
1,0
2,0.666667
3,0.333333
4,0
5,0
6,0
7,0
8,0
9,0
10,0
11,0
12,0
13,0
14,0
15,0
</state>
<state>
0,0
1,0
2,1
3,0
4,0
5,0
6,0
7,0
8,0
9,0
10,0
11,0
12,0
13,0
14,0
15,0
</state>
<state>
0,0
1,0
2,0.25
3,0.25
4,0.25
5,0
6,0
7,0
8,0
9,0
10,0.25
11,0
12,0
13,0
14,0
15,0
</state>
</s>
<s>
<state>
0,0.9
1,0.1
2,0
3,0
4,0
5,0
6,0
7,0
8,0
9,0
10,0
11,0
12,0
13,0
14,0
15,0
</state>
<state>
0,0.636364
1,0
2,0
3,0
4,0.181818
5,0.0909091
6,0
7,0
8,0
9,0
10,0
11,0
12,0
13,0
14,0
15,0.0909091
</state>
<state>
0,0
1,0
2,0
3,0
4,0.454545
5,0.181818
6,0.0909091
7,0
8,0
9,0.181818
10,0.0909091
11,0
12,0
13,0
14,0
15,0
</state>
</s>
<s>
<state>
0,0
1,0
2,0
3,0
4,1
5,0
6,0
7,0
8,0
9,0
10,0
11,0
12,0
13,0
14,0
15,0
</state>
<state>
0,0
1,0
2,0
3,0
4,0.5
5,0
6,0.5
7,0
8,0
9,0
10,0
11,0
12,0
13,0
14,0
15,0
</state>
<state>
0,0
1,0
2,0
3,0
4,0
5,0.5
6,0
7,0
8,0
9,0
10,0
11,0.5
12,0
13,0
14,0
15,0
</state>
</s>
<s>
<state>
0,0
1,0
2,0
3,0
4,0.5
5,0.5
6,0
7,0
8,0
9,0
10,0
11,0
12,0
13,0
14,0
15,0
</state>
<state>
0,0
1,0
2,0
3,0.5
4,0.5
5,0
6,0
7,0
8,0
9,0
10,0
11,0
12,0
13,0
14,0
15,0
</state>
<state>
0,0.666667
1,0
2,0
3,0
4,0
5,0
6,0
7,0
8,0
9,0
10,0.333333
11,0
12,0
13,0
14,0
15,0
</state>
</s>
<s>
<state>
0,0.666667
1,0
2,0
3,0
4,0
5,0
6,0
7,0
8,0
9,0
10,0
11,0
12,0
13,0
14,0
15,0.333333
</state>
<state>
0,1
1,0
2,0
3,0
4,0
5,0
6,0
7,0
8,0
9,0
10,0
11,0
12,0
13,0
14,0
15,0
</state>
<state>
0,0.75
1,0
2,0
3,0
4,0
5,0
6,0
7,0
8,0
9,0
10,0
11,0.25
12,0
13,0
14,0
15,0
</state>
</s>
