<s>
37,68
43,68
55,68
60,67
65,67
70,67
75,67
80,67
79,72
74,80
69,85
65,89
73,92
83,97
94,100
103,105
106,110
107,115
105,121
100,125
95,127
89,125
84,120
81,116
59,86
</s>
<s>
59,86
59,92
59,102
59,111
59,121
59,133
59,143
59,148
59,153
59,160
59,166
59,171
61,165
</s>
<s>
108,87
108,93
108,98
108,106
108,116
108,125
108,132
108,137
113,89
</s>
<s>
113,89
119,88
125,87
130,88
134,91
136,99
136,108
138,117
140,127
140,137
143,145
144,151
115,119
</s>
<s>
115,119
120,119
126,117
130,120
</s>
<s>
106,141
117,141
129,143
140,143
</s>