<s>
37,63
43,65
49,65
56,65
61,64
66,63
71,62
76,61
81,59
78,64
72,68
63,78
59,82
51,88
46,94
53,93
58,93
63,94
69,96
72,100
73,106
73,111
70,115
64,123
59,124
53,119
49,116
46,112
</s>
<s>
36,75
36,83
39,93
41,103
43,111
43,119
45,127
45,132
45,138
45,143
45,150
45,155
</s>
<s>
82,82
82,87
84,93
84,98
84,104
84,114
84,119
84,126
87,74
</s>
<s>
87,74
92,75
102,77
114,77
124,77
129,77
129,82
129,90
129,100
129,112
129,122
129,127
129,132
</s>
<s>
90,106
101,106
113,106
122,106
</s>
<s>
89,133
95,133
105,133
116,133
127,133
</s>