<s>
29,69
34,69
39,69
49,69
59,67
66,65
70,68
68,74
63,78
59,84
66,89
75,90
80,91
83,96
83,102
80,106
76,110
70,117
66,122
61,127
56,125
52,118
</s>
<s>
44,86
45,91
45,98
45,104
45,115
45,124
45,129
46,134
48,140
48,146
48,152
48,157
48,162
</s>
<s>
89,87
89,93
89,103
89,113
89,123
89,131
89,136
</s>
<s>
92,88
100,88
106,86
114,84
125,82
133,80
136,85
134,94
134,99
134,110
134,120
134,129
134,134
134,139
</s>
<s>
103,112
108,112
118,112
131,112
137,112
</s>
<s>
105,140
115,140
127,140
138,140
</s>