<s>
46,78
51,78
56,78
61,78
67,78
72,78
77,77
82,78
83,84
79,89
74,94
70,99
67,103
74,106
79,107
84,109
87,114
88,119
88,124
86,129
83,133
78,135
73,131
69,126
</s>
<s>
56,95
57,100
57,105
57,110
57,118
57,128
57,133
57,140
57,146
57,151
57,156
57,162
57,167
98,100
</s>
<s>
98,100
98,106
98,118
98,124
98,129
98,135
</s>
<s>
102,86
108,86
113,86
121,86
131,86
134,91
134,96
134,104
134,114
134,126
134,134
134,146
136,154
136,159
</s>
<s>
101,117
107,117
112,116
117,116
</s>
<s>
100,147
110,147
119,147
124,147
129,147
</s>