<s>
39,66
44,67
52,67
62,67
69,69
74,69
79,69
85,68
90,67
87,71
81,75
75,80
68,85
63,89
68,89
73,92
78,97
82,105
84,110
84,115
81,120
76,122
71,119
65,113
58,106
55,99
</s>
<s>
49,75
49,80
51,88
53,98
53,108
53,118
53,126
53,136
53,146
53,152
51,161
50,167
50,172
</s>
<s>
99,93
99,99
99,107
99,119
97,129
97,134
97,140
</s>
<s>
99,87
108,85
120,85
126,83
136,81
147,81
151,84
150,95
149,105
149,117
149,127
149,132
149,137
</s>
<s>
105,107
116,107
129,107
139,107
</s>
<s>
104,142
109,142
120,142
130,142
135,142
</s>