<s>
38,70
48,72
55,74
61,74
71,74
76,74
72,82
67,87
63,90
58,92
67,94
77,94
82,97
86,100
87,105
87,110
83,114
78,116
71,111
68,107
</s>
<s>
57,82
56,87
54,96
54,101
54,106
52,115
52,120
52,125
52,131
52,137
52,142
52,147
52,152
51,158
50,163
53,159
96,84
</s>
<s>
96,84
96,89
96,101
96,110
96,117
96,122
96,127
</s>
<s>
94,84
100,84
108,84
118,84
124,84
129,84
129,89
127,95
127,100
125,106
123,114
123,120
123,125
123,135
123,140
</s>
<s>
103,110
108,110
113,110
118,110
113,117
</s>
<s>
98,137
104,137
112,137
122,138
127,138
</s>