<s>
40,70
46,71
52,71
58,71
64,71
73,69
78,69
75,74
68,79
60,84
53,89
48,93
53,94
58,94
65,96
72,98
76,102
77,107
78,112
75,118
69,125
64,127
58,120
42,82
</s>
<s>
42,82
43,87
43,93
45,101
45,114
45,124
45,129
45,137
45,143
45,150
45,155
45,160
45,165
</s>
<s>
95,88
95,93
95,98
95,106
95,112
95,117
95,122
</s>
<s>
92,86
97,86
102,86
107,86
117,84
123,84
128,84
133,84
135,90
135,95
135,105
135,117
135,130
135,142
135,150
135,155
</s>
<s>
97,112
102,112
107,112
112,112
117,112
</s>
<s>
97,142
102,142
112,140
122,140
127,140
</s>