<s>
30,68
44,69
56,69
68,69
80,69
85,69
82,74
76,80
69,85
64,89
60,92
56,95
61,94
67,94
71,97
74,102
75,107
75,113
73,119
70,123
67,127
62,123
56,118
53,114
</s>
<s>
45,88
45,99
45,105
45,117
45,129
45,134
45,139
45,144
45,150
45,155
45,160
45,166
45,171
100,86
</s>
<s>
100,86
100,91
99,97
99,103
99,108
98,113
97,118
96,124
95,129
95,134
</s>
<s>
103,83
108,82
120,82
129,82
134,82
139,82
143,85
143,91
143,100
143,110
143,120
143,125
143,133
143,138
144,143
</s>
<s>
105,111
110,110
118,110
128,110
133,110
</s>
<s>
100,145
107,145
117,145
127,145
132,145
</s>