<s>
32,62
38,61
43,61
48,61
54,61
59,61
64,61
66,67
63,72
61,78
58,86
56,91
62,92
66,95
69,99
69,104
69,109
67,115
65,120
61,123
55,121
51,118
45,109
43,102
</s>
<s>
33,73
33,79
34,85
34,96
34,106
34,116
34,126
34,132
34,143
34,148
34,154
34,160
</s>
<s>
78,87
79,92
79,97
79,105
79,116
79,124
79,134
79,139
78,134
82,81
</s>
<s>
82,81
87,81
93,81
98,82
103,82
104,87
106,95
108,105
110,113
112,125
112,134
112,139
112,144
</s>
<s>
70,110
77,111
87,111
92,111
97,111
</s>
<s>
75,142
80,142
85,141
91,140
</s>