<s>
68,30
73,32
76,38
79,43
82,48
</s>
<s>
39,63
44,64
49,64
56,64
62,64
68,64
74,64
81,64
86,64
93,64
101,66
107,66
112,66
117,66
123,66
128,66
133,66
139,66
</s>
<s>
64,102
69,102
75,102
82,102
87,102
92,101
97,101
102,100
107,100
112,99
117,99
</s>
<s>
86,68
86,73
86,79
86,84
86,90
86,96
87,102
88,107
89,113
89,118
89,124
89,129
</s>
<s>
33,139
38,139
43,139
49,139
55,139
62,139
70,139
77,139
84,139
91,139
98,139
104,139
110,139
116,139
122,139
127,139
132,139
137,139
143,140
148,140
153,140
</s>