<s>
33,82
36,87
39,92
41,97
44,102
45,107
46,113
47,119
48,124
49,129
</s>
<s>
40,81
45,81
51,81
56,81
61,82
66,82
71,82
76,81
81,81
86,81
91,81
97,81
102,81
107,81
112,81
117,82
122,82
128,82
134,82
139,82
144,82
149,82
153,85
153,91
153,97
152,102
151,107
150,112
148,117
145,121
144,127
137,124
133,120
128,118
</s>
<s>
80,87
78,94
76,100
74,105
72,110
</s>
<s>
97,87
98,92
97,97
96,104
96,109
102,111
107,112
</s>
<s>
50,129
57,128
63,128
71,128
77,128
84,128
89,128
94,128
99,128
104,128
109,127
114,125
119,125
124,125
</s>