<s>
50,89
53,99
57,105
59,115
61,120
</s>
<s>
23,181
30,176
36,172
42,168
48,164
56,160
72,152
80,148
86,144
92,139
</s>
<s>
115,64
117,72
117,84
119,92
119,103
121,109
121,123
121,129
121,135
121,145
121,151
121,157
121,162
121,167
121,172
116,169
112,166
</s>
<s>
94,120
99,121
104,121
109,121
112,125
109,131
103,138
99,142
92,149
86,155
82,159
78,162
72,166
</s>
<s>
146,99
144,104
140,108
137,113
132,118
128,122
124,125
</s>
<s>
123,126
127,133
134,141
138,147
142,151
150,161
154,165
158,169
162,173
167,179
173,185
</s>