<s>
54,71
55,76
58,88
59,93
</s>
<s>
40,158
47,151
49,145
53,141
61,133
65,127
68,123
</s>
<s>
117,63
117,71
117,77
117,87
117,93
117,98
115,110
115,115
115,120
115,125
115,133
115,138
115,143
115,148
115,153
115,158
109,155
105,151
99,143
93,137
85,129
73,117
69,113
</s>
<s>
76,97
83,98
93,98
98,98
103,98
109,100
110,105
107,109
100,118
94,125
91,129
88,133
</s>
<s>
143,85
139,89
133,92
129,95
124,98
</s>
<s>
120,108
128,118
132,124
136,130
142,136
146,142
156,156
162,162
166,166
172,172
176,176
184,184
</s>