<s>
39,65
43,68
51,75
55,79
59,83
63,87
</s>
<s>
36,149
39,145
44,140
48,136
52,132
57,126
60,121
61,116
</s>
<s>
113,50
114,56
114,64
114,69
114,83
114,89
114,95
114,100
115,106
115,116
115,121
115,127
115,133
115,138
115,143
115,148
115,153
115,158
108,154
104,150
100,144
94,140
86,132
82,129
</s>
<s>
82,91
87,91
92,92
97,94
102,95
102,100
102,105
100,111
95,116
94,121
89,128
86,132
83,137
78,139
73,141
</s>
<s>
157,68
154,72
151,77
144,84
140,87
136,90
</s>
<s>
127,105
132,116
135,124
137,130
141,134
147,146
152,154
154,160
158,164
166,174
172,181
</s>