<s>
41,74
43,80
48,86
50,92
52,98
60,110
62,116
64,121
</s>
<s>
43,177
47,173
53,169
57,165
63,161
69,155
75,149
83,141
87,137
</s>
<s>
111,67
112,72
112,78
112,90
112,95
112,101
112,114
112,120
112,125
112,135
112,141
112,148
112,153
112,158
112,163
112,168
112,173
108,170
</s>
<s>
82,115
87,115
92,115
97,114
100,119
100,124
100,133
97,139
92,149
87,155
83,159
81,165
75,173
72,177
</s>
<s>
138,89
137,94
134,98
130,104
127,108
123,112
</s>
<s>
120,130
124,134
129,142
133,148
139,156
153,172
159,178
163,182
170,191
</s>