<s>
47,76
52,86
54,92
55,97
</s>
<s>
36,158
41,153
46,147
50,143
54,139
58,133
64,124
67,120
</s>
<s>
118,50
118,56
118,61
118,68
118,78
118,85
118,98
118,103
118,109
118,114
118,119
118,124
118,130
116,140
116,145
116,150
116,155
116,160
116,165
116,170
110,163
106,159
102,153
98,147
94,141
86,133
</s>
<s>
82,99
86,102
91,103
96,104
101,106
106,106
106,111
100,117
97,122
92,128
90,133
86,137
83,142
80,146
76,149
</s>
<s>
156,82
153,87
151,92
148,96
145,100
</s>
<s>
126,110
130,115
135,121
139,125
143,128
147,132
156,139
160,143
167,148
170,152
173,156
178,159
</s>