<s>
49,69
52,74
54,79
</s>
<s>
47,146
51,139
57,131
59,125
63,119
69,113
75,103
78,98
</s>
<s>
133,51
133,56
133,61
133,67
133,81
133,86
133,91
133,101
133,106
133,113
133,118
133,123
133,133
133,138
133,143
134,148
134,153
134,158
130,153
126,149
123,145
</s>
<s>
103,94
108,95
113,95
119,95
124,95
129,95
132,99
129,107
125,111
122,119
114,129
110,133
106,139
99,147
93,155
88,160
84,164
</s>
<s>
155,77
153,82
151,87
149,92
146,96
144,101
141,105
</s>
<s>
137,119
140,123
146,129
150,132
156,137
160,140
164,143
168,146
172,149
</s>