<s>
35,70
37,76
40,85
42,90
44,96
45,101
46,106
</s>
<s>
30,172
31,167
35,157
38,153
42,145
45,140
</s>
<s>
97,56
97,66
97,72
97,77
97,85
97,90
97,96
97,104
97,109
97,115
97,120
97,125
97,130
97,135
97,141
97,149
97,155
97,160
97,165
96,170
96,175
92,171
87,166
80,160
77,156
</s>
<s>
70,98
81,101
86,101
93,101
97,104
97,110
97,115
94,127
93,132
89,146
87,151
84,158
81,163
78,167
74,170
</s>
<s>
127,82
124,87
121,91
118,95
114,98
</s>
<s>
96,112
99,116
106,125
109,129
114,136
118,139
123,147
127,151
131,155
134,160
140,166
144,170
</s>