<s>
38,54
43,60
45,66
51,74
53,79
</s>
<s>
39,160
40,155
43,147
47,141
49,133
57,119
59,113
63,107
66,99
68,92
</s>
<s>
118,47
118,52
118,58
118,74
118,82
118,92
118,102
118,110
118,118
118,136
118,142
118,150
118,156
120,166
120,172
120,177
120,182
117,178
113,173
109,167
103,159
100,155
</s>
<s>
87,92
92,94
97,94
100,98
102,103
101,108
97,112
95,118
87,128
83,134
79,140
75,144
70,152
64,158
60,162
52,169
</s>
<s>
146,73
143,77
140,82
134,88
130,92
125,99
</s>
<s>
124,112
129,118
133,124
135,130
145,142
149,152
155,158
161,164
165,170
175,182
179,188
183,194
</s>