<s>
53,80
56,90
57,102
60,110
61,116
61,121
</s>
<s>
44,177
46,172
49,165
53,161
58,156
62,152
</s>
<s>
115,67
115,73
115,79
115,87
115,93
115,100
115,106
115,118
115,124
115,129
115,134
115,140
115,145
115,150
115,155
115,160
115,165
115,170
112,166
111,161
</s>
<s>
88,115
91,119
96,119
101,119
101,124
101,129
101,134
99,139
98,144
95,148
93,153
</s>
<s>
154,93
150,96
146,99
142,102
138,105
134,108
129,111
125,114
</s>
<s>
122,121
124,126
128,130
132,134
136,138
139,142
142,146
146,149
150,153
</s>