<s>
29,74
33,79
35,84
37,89
</s>
<s>
25,165
27,160
30,152
33,144
35,138
39,126
41,120
41,115
</s>
<s>
101,56
101,66
103,72
105,83
107,97
109,111
109,125
111,138
111,143
111,148
111,159
111,165
111,170
104,165
98,159
94,153
88,149
82,141
</s>
<s>
70,105
75,105
80,105
85,105
90,105
90,110
84,120
80,124
78,129
71,139
67,142
62,148
58,151
</s>
<s>
165,70
161,73
157,77
153,81
148,84
143,88
139,91
135,94
130,96
</s>
<s>
118,105
120,110
125,119
129,125
133,129
137,133
139,139
149,149
153,153
157,157
161,161
165,167
169,171
175,176
</s>