<s>
43,77
49,87
52,92
</s>
<s>
32,174
37,169
42,163
46,159
52,153
56,147
66,135
72,129
76,123
80,117
84,107
</s>
<s>
113,70
114,75
115,87
115,93
116,107
118,113
118,118
118,123
118,133
118,139
118,145
118,153
118,159
118,164
118,169
114,166
</s>
<s>
87,102
92,102
102,102
108,102
113,102
113,108
110,114
106,124
103,132
97,140
93,148
89,153
82,161
</s>
<s>
152,69
152,75
148,87
144,92
137,98
133,102
</s>
<s>
126,113
129,122
131,128
140,142
144,148
148,154
152,160
158,166
166,174
170,178
174,182
177,186
</s>