<s>
45,58
47,64
49,70
51,76
53,82
55,88
59,98
60,103
</s>
<s>
47,168
52,158
54,152
56,146
59,140
63,132
</s>
<s>
111,52
110,57
110,62
110,71
110,77
108,89
108,94
108,99
108,104
108,109
108,114
108,121
108,131
108,136
108,142
108,147
108,153
108,159
108,164
108,169
102,166
94,156
</s>
<s>
85,101
91,102
96,102
101,102
102,107
100,112
96,119
94,124
92,129
90,134
88,139
86,144
</s>
<s>
144,84
141,88
136,95
133,99
129,103
124,108
120,111
117,115
</s>
<s>
113,115
116,121
120,125
126,133
130,137
135,143
139,147
147,155
150,159
153,163
157,166
</s>