<s>
44,85
50,85
57,85
63,84
68,83
74,82
79,81
</s>
<s>
68,62
68,68
68,73
68,79
68,84
68,96
68,101
68,107
68,113
68,123
68,128
67,133
66,139
66,144
66,149
66,154
63,150
59,146
57,140
54,135
51,131
</s>
<s>
31,137
40,131
48,128
56,124
64,120
70,118
78,114
84,112
94,104
98,101
</s>
<s>
90,69
96,68
104,66
115,66
128,66
131,70
131,75
131,80
131,86
</s>
<s>
118,70
117,76
116,82
115,87
</s>
<s>
94,94
99,94
105,93
111,93
117,93
122,92
</s>
<s>
100,84
100,90
100,95
100,100
100,106
100,112
100,117
100,122
100,127
100,132
102,137
107,140
116,144
125,147
131,148
136,148
141,149
146,149
151,146
154,141
156,136
156,130
</s>