<s>
61,26
66,28
</s>
<s>
34,38
38,42
40,47
43,51
</s>
<s>
47,39
52,38
59,37
66,36
73,35
81,35
89,33
95,33
100,33
106,33
111,35
109,40
106,44
102,47
</s>
<s>
55,47
61,47
66,47
71,47
76,46
81,45
</s>
<s>
72,40
68,45
64,49
60,53
57,57
</s>
<s>
67,47
71,50
76,53
80,56
</s>
<s>
34,61
39,61
46,61
62,61
74,61
84,61
102,61
114,61
126,61
136,61
146,61
151,61
</s>
<s>
60,71
60,76
60,82
60,87
</s>
<s>
63,71
68,70
73,69
77,72
77,77
77,82
77,87
</s>
<s>
66,89
71,89
76,89
</s>
<s>
97,69
97,74
97,80
97,86
97,91
97,97
97,102
96,107
93,111
86,107
76,103
</s>