<s>
73,21
78,24
79,29
</s>
<s>
37,37
40,41
42,47
43,52
</s>
<s>
43,41
50,41
56,41
64,41
72,41
80,41
92,39
100,39
106,39
111,39
113,45
113,50
111,55
</s>
<s>
59,56
65,56
73,56
80,56
86,56
92,56
</s>
<s>
81,45
79,51
77,56
74,60
71,65
67,69
</s>
<s>
72,59
77,60
81,65
</s>
<s>
46,75
51,75
58,76
66,78
76,78
86,80
98,82
112,82
120,84
130,84
140,84
146,84
</s>
<s>
65,86
66,91
66,97
66,102
</s>
<s>
64,84
70,84
75,84
80,85
85,87
86,92
86,97
86,102
86,107
</s>
<s>
70,103
75,103
80,103
85,103
</s>
<s>
99,84
102,89
103,95
103,101
104,107
104,112
104,117
104,122
102,127
99,131
93,133
88,130
83,128
</s>