<s>
70,10
72,15
74,20
</s>
<s>
27,29
32,32
34,37
37,41
</s>
<s>
38,32
43,31
50,30
56,30
64,30
70,30
76,30
81,29
87,29
92,29
97,29
102,28
108,28
113,29
115,34
112,39
109,44
</s>
<s>
57,46
62,46
68,46
73,46
78,46
83,46
</s>
<s>
77,38
76,43
72,50
68,55
63,60
58,63
</s>
<s>
72,50
76,53
80,56
</s>
<s>
41,67
46,67
53,67
59,67
66,67
74,67
82,67
89,67
96,67
104,65
110,65
</s>
<s>
59,77
62,81
63,86
63,91
</s>
<s>
58,74
64,74
69,73
74,73
75,78
75,84
</s>
<s>
66,90
71,90
76,90
</s>
<s>
89,74
89,79
90,84
90,89
90,94
90,99
90,104
90,109
90,114
90,119
85,119
80,117
</s>