<s>
71,14
76,16
78,21
80,26
</s>
<s>
39,31
43,35
46,40
</s>
<s>
46,32
51,32
56,32
62,32
70,32
77,31
85,29
97,27
105,27
111,26
117,25
120,29
118,35
117,40
115,45
</s>
<s>
68,51
73,50
78,50
83,49
89,49
94,50
</s>
<s>
88,40
85,44
81,50
77,56
74,60
</s>
<s>
75,52
80,53
84,57
</s>
<s>
54,64
60,64
73,62
83,62
93,60
103,60
113,60
123,60
133,60
143,60
151,60
</s>
<s>
77,73
78,78
78,83
78,88
</s>
<s>
78,75
</s>
<s>
78,75
83,74
88,74
93,74
98,74
98,80
97,85
</s>
<s>
76,87
81,87
87,87
93,87
</s>
<s>
108,67
109,73
110,79
110,86
110,93
110,101
110,107
107,111
101,107
</s>