<s>
64,16
67,21
</s>
<s>
37,26
38,32
42,38
44,44
47,48
</s>
<s>
43,32
48,31
53,29
59,28
64,26
75,24
82,23
89,23
95,22
100,21
101,26
100,33
98,38
</s>
<s>
55,42
60,42
65,42
71,41
77,41
83,41
</s>
<s>
74,27
71,31
68,36
64,44
63,49
61,54
</s>
<s>
66,45
71,47
75,50
</s>
<s>
36,57
42,57
48,57
54,57
60,57
66,57
71,57
77,57
82,57
88,57
93,57
98,57
103,57
</s>
<s>
56,69
57,74
57,79
</s>
<s>
55,68
61,68
66,68
72,68
75,72
75,77
75,82
</s>
<s>
64,83
69,83
74,83
</s>
<s>
86,63
86,69
86,74
86,79
87,84
88,90
89,95
89,100
89,105
88,110
86,115
80,115
75,112
69,111
64,109
</s>