<s>
71,21
76,23
78,28
</s>
<s>
44,40
50,43
53,47
56,52
</s>
<s>
55,43
60,41
66,39
74,37
82,35
90,33
98,31
106,29
112,25
119,24
124,23
129,23
130,28
127,32
123,38
120,42
117,46
</s>
<s>
75,54
80,54
85,53
90,51
</s>
<s>
90,37
89,43
86,48
82,52
79,57
76,62
</s>
<s>
81,51
87,53
91,56
</s>
<s>
53,75
58,75
64,74
72,72
82,72
94,70
110,70
120,70
130,70
144,70
149,69
</s>
<s>
72,85
74,91
74,96
</s>
<s>
72,84
</s>
<s>
72,84
77,81
83,80
88,80
87,85
84,91
83,96
</s>
<s>
71,98
76,98
82,96
87,96
92,95
</s>
<s>
96,77
99,82
99,87
99,93
99,98
98,103
97,108
95,114
90,116
87,112
</s>