<s>
67,18
70,22
71,27
</s>
<s>
38,30
39,35
40,40
42,45
</s>
<s>
46,31
52,31
58,30
72,30
84,28
91,28
96,28
101,28
107,28
112,28
117,28
119,33
118,38
</s>
<s>
60,47
65,46
70,45
77,45
84,44
89,43
94,43
</s>
<s>
76,35
75,40
74,45
71,51
68,55
</s>
<s>
73,46
77,50
80,55
</s>
<s>
45,68
50,68
56,68
64,68
74,68
84,68
94,68
102,68
108,68
114,68
</s>
<s>
63,80
63,85
63,90
</s>
<s>
63,79
68,78
73,77
78,77
80,83
80,88
</s>
<s>
71,91
77,91
</s>
<s>
92,75
93,80
93,86
93,91
93,96
93,101
93,106
92,111
89,115
82,115
76,113
70,109
62,105
</s>