<s>
73,18
76,22
</s>
<s>
43,32
46,36
49,41
</s>
<s>
51,32
58,31
65,30
72,29
80,27
90,27
98,25
108,25
116,23
124,23
131,23
136,23
136,28
131,36
128,40
124,46
121,50
</s>
<s>
64,46
70,46
75,46
81,45
87,44
93,44
</s>
<s>
89,36
87,42
84,47
80,51
76,57
</s>
<s>
83,47
88,50
</s>
<s>
44,75
50,75
55,74
62,73
69,72
79,72
93,72
100,72
105,72
110,71
115,70
</s>
<s>
62,88
64,93
64,98
</s>
<s>
65,89
</s>
<s>
65,89
70,88
75,88
80,88
81,93
81,98
</s>
<s>
72,101
77,101
</s>
<s>
100,78
103,82
104,87
104,92
104,98
104,103
104,108
103,113
96,115
90,115
</s>