<s>
69,6
72,11
73,17
74,23
34,22
</s>
<s>
34,22
38,25
40,31
42,36
44,41
</s>
<s>
48,34
54,31
60,29
71,26
79,24
87,22
95,20
105,20
113,18
119,18
124,18
123,23
121,28
119,33
</s>
<s>
69,44
74,43
80,43
85,43
91,43
</s>
<s>
87,32
84,38
81,42
79,48
76,52
74,57
</s>
<s>
81,49
86,51
89,55
</s>
<s>
51,66
58,66
72,66
82,66
96,66
108,66
122,66
134,66
144,66
154,66
160,66
155,66
</s>
<s>
77,85
77,91
77,96
</s>
<s>
76,81
</s>
<s>
76,81
82,81
88,81
94,81
99,81
100,87
99,92
</s>
<s>
83,97
88,97
93,97
98,97
104,97
</s>
<s>
115,76
115,83
115,89
117,97
117,105
117,112
114,123
110,127
104,129
</s>