<s>
71,20
75,24
76,29
</s>
<s>
39,36
44,37
48,41
52,44
54,49
</s>
<s>
52,33
58,31
64,31
71,31
81,31
93,31
107,31
117,31
127,31
135,33
143,35
150,35
155,35
153,40
148,43
144,47
139,50
</s>
<s>
74,48
80,47
87,47
93,47
99,47
105,47
</s>
<s>
88,34
88,40
86,46
83,53
80,59
77,63
74,67
</s>
<s>
88,49
93,52
96,56
</s>
<s>
51,72
56,70
61,69
67,69
75,67
85,67
93,65
105,65
119,65
127,65
134,65
139,64
</s>
<s>
77,75
79,80
79,85
81,91
81,96
</s>
<s>
79,81
84,79
89,78
94,78
94,83
94,88
94,93
</s>
<s>
83,94
88,94
</s>
<s>
104,72
108,76
108,81
108,86
108,92
108,98
106,104
104,110
99,112
95,108
</s>